1 0.64141 14.3399 0.28219 45.4078 0.07973 0.99161 -0.00332
2 0.75347 13.2939 0.01857 2.35538 0.59056 3.02867 0.05064
3 0.5962 5.46617 0.32304 233.857 0.77377 1.44775 0.03908
4 0.59695 2.65976 0.595 104.379 0.76242 0.76992 0.04578
5 0.16273 11.2602 0.71611 54.577 1.22507 0.8828 0.13174
6 0.4831 14.121 0.57026 40.4826 1.23428 0.64475 0.16138
7 0.78731 10.1943 0.43169 34.975 1.24402 0.48727 0.18209
8 0.99923 7.91809 0.38057 28.6684 1.25313 0.37761 0.19491
9 1.19417 6.28167 0.32731 25.3114 1.26321 0.30903 0.21483
10 1.33764 4.89218 0.30056 23.1378 1.27421 0.26856 0.24945
11 1.45127 4.78619 0.19431 202.76 1.28903 0.30578 0.38075
12 1.42293 3.6706 0.33238 149.411 1.29174 0.27071 0.41624
13 1.37868 2.98679 0.4567 95.8708 1.2916 0.25888 0.47666
14 1.31613 2.552 0.57042 65.1521 1.3008 0.26127 0.55138
15 1.8935 1.31434 0.74727 38.8084 -0.00542 -0.65471 1.23046
16 1.9033 1.12988 0.85122 31.0599 -0.00314 -0.71992 1.24163
17 10.2633 0.00826 1.61338 1.24093 0.91621 26.227 -8.67576
18 1.84549 0.46258 0.75358 4.77167 0.69446 29.8598 0.94601
19 1.07857 9.9173 1.97712 0.5368 0.24563 155.328 1.05388
20 1.09872 8.38407 1.97133 0.4805 0.32429 181.974 1.07566
21 1.14927 7.38376 1.97979 0.44721 0.34437 152.626 1.10667
22 1.20499 6.54782 1.99023 0.41712 0.35735 129.497 1.13526
23 1.25231 5.86685 2.01121 0.39634 0.36123 117.438 1.16805
24 1.31535 4.98695 2.02879 0.37034 0.35976 75.4467 1.19034
25 1.32547 4.72015 2.06793 0.36226 0.37157 94.4645 1.23144
26 1.35531 4.39641 2.10008 0.35031 0.37394 85.4826 1.26578
27 1.3783 4.11592 2.13673 0.34002 0.37689 77.3126 1.29995
28 1.3913 3.842 2.18002 0.33199 0.3799 70.5296 1.33568
29 1.43355 3.15986 2.17907 0.30459 0.42335 42.9706 1.34304
30 1.39509 3.36592 2.2804 0.32073 0.38605 59.8782 1.41061
31 0.41875 59.8713 2.33622 0.31777 1.35524 3.22549 1.45288
32 0.47046 52.394 2.37973 0.3112 1.31144 3.03406 1.49059
33 1.26324 2.89403 2.42375 0.30621 0.52093 43.1567 1.53117
34 1.21253 2.77214 2.46496 0.30127 0.57623 38.0261 1.57195
35 1.15917 2.69734 2.50733 0.29787 0.62852 33.3931 1.61583
36 1.10034 2.77809 2.5663 0.30036 0.65824 29.481 1.66942
37 1.06352 4.26677 2.72632 0.3407 0.49591 46.3766 1.7841
38 1.11082 5.97283 2.80821 0.36767 0.35739 113.787 1.88165
39 1.13383 5.88087 2.81855 0.35525 0.37028 113.928 1.9171
40 1.16331 5.64601 2.82216 0.34146 0.38499 105.978 1.94919
41 1.22473 5.28553 2.81827 0.32607 0.37805 81.2572 1.97697
42 1.27382 4.96649 2.81399 0.31362 0.3792 77.1165 2.00891
43 1.29988 4.73249 2.81203 0.30439 0.39527 88.983 2.04586
44 1.34126 4.30996 2.79736 0.29065 0.41714 62.4793 2.07249
45 1.3833 4.00809 2.78639 0.28065 0.42791 57.6528 2.10556
46 1.44572 3.60426 2.76383 0.26689 0.44276 47.6277 2.12858
47 1.47954 3.45594 2.75954 0.26235 0.43956 50.5797 2.17194
48 1.49772 3.35482 2.7599 0.26048 0.44343 57.1418 2.22108
49 1.5031 3.12862 2.74972 0.25451 0.48176 55.388 2.25931
50 1.50342 2.8851 2.73605 0.24725 0.53273 50.0185 2.29276
51 1.50209 2.64494 2.71974 0.23922 0.59017 42.4236 2.32258
52 1.49419 2.4658 2.70803 0.23395 0.64339 38.6839 2.35882
53 1.48438 2.30114 2.69623 0.22885 0.69848 34.8898 2.39433
54 1.47081 2.15639 2.68555 0.22468 0.75333 30.5815 2.43139
55 1.38566 2.36223 2.73791 0.24572 0.73622 33.0844 2.53886
56 1.26068 3.09211 2.86267 0.28739 0.65849 42.77 2.68083
57 1.20674 3.91535 2.95353 0.31658 0.58977 52.1143 2.78281
58 1.1929 4.26085 3.0106 0.32845 0.55153 55.7059 2.84544
59 1.17715 4.00242 3.04849 0.32664 0.55921 51.2125 2.88017
60 1.1646 4.27111 3.10621 0.33469 0.52636 54.6856 2.93411
61 1.15316 4.49236 3.16143 0.33995 0.49952 57.6085 2.98261
62 1.14151 4.6454 3.21432 0.34304 0.47879 59.8404 3.02675
63 1.13132 4.77043 3.26536 0.34406 0.46133 61.6997 3.06739
64 1.15371 5.32693 3.31133 0.3485 0.40937 75.8344 3.11673
65 1.15741 5.35607 3.34798 0.34574 0.39778 77.1925 3.15068
66 1.13546 5.00964 3.38649 0.33928 0.41642 65.9343 3.17556
67 1.13298 4.97275 3.42435 0.33537 0.41124 65.2382 3.20681
68 1.1305 4.94824 3.46337 0.331 0.40537 64.7678 3.23717
69 1.12475 4.9141 3.50392 0.32667 0.40097 63.9894 3.26728
70 1.11989 4.86289 3.54249 0.32145 0.39885 62.8395 3.29573
71 1.14567 5.0939 3.56786 0.31921 0.36781 74.6819 3.33731
72 1.17011 5.06977 3.59266 0.31084 0.36067 78.404 3.35548
73 1.19986 5.0028 3.60722 0.30318 0.35211 80.7786 3.37931
74 1.23455 4.91502 3.6189 0.29541 0.34199 82.9193 3.40212
75 1.27087 4.73767 3.62591 0.28682 0.33751 83.0722 3.42169
76 1.29571 4.55965 3.63232 0.27842 0.34479 78.4693 3.44072
77 1.32116 4.36814 3.63627 0.27017 0.35414 73.2839 3.45902
78 1.36973 4.10968 3.63527 0.2604 0.35222 60.4457 3.4708
79 1.40882 3.90464 3.63533 0.25224 0.354 58.6104 3.4865
80 1.43074 3.78589 3.63899 0.24633 0.36105 65.3666 3.50928
81 1.44189 3.56109 3.6373 0.2383 0.39348 63.0471 3.52297
82 1.44993 3.32333 3.6332 0.22984 0.4347 57.2315 3.53309
83 1.45705 3.09101 3.62815 0.22117 0.48026 49.1186 3.53989
84 1.46413 2.89448 3.62476 0.21307 0.52426 45.0325 3.54693
85 1.47123 2.7121 3.62117 0.20516 0.56959 40.9355 3.5524
86 1.47731 2.54788 3.61813 0.1977 0.61498 36.2044 3.55747
87 1.47178 2.56284 3.62041 0.19786 0.61769 38.1908 3.6039
88 1.45473 2.66815 3.62339 0.20236 0.60992 42.8013 3.67448
89 1.43997 2.68764 3.62155 0.20366 0.62624 42.8174 3.72778
90 1.42177 2.74774 3.61945 0.20684 0.63678 42.8756 3.79079
91 1.45299 2.59251 3.60602 0.20322 0.64272 40.4619 3.81959
92 1.45923 2.55362 3.59726 0.2043 0.64488 39.683 3.87237
93 1.4625 2.53015 3.5891 0.20654 0.64353 39.4082 3.93085
94 1.48547 2.45943 3.57907 0.20825 0.62751 40.2803 3.98622
