[-0.86470836 -0.86950636 -0.85623568 ...  1.0703422   0.89582461
  0.29656783]
0.1	133.21797171662172
0.11	119.66102937432692
0.12	103.04653177536454
0.13	84.4689516939394
0.14	65.04591331222458
0.15	45.84646935694877
0.16	27.82707194923331
0.16999999999999998	11.779477453381775
0.18	-1.7062965788685174
0.19	-12.26216712051937
0.19999999999999998	-19.744944351116047
0.21	-24.22303112147095
0.21999999999999997	-25.94905757753876
0.22999999999999998	-25.321615657329755
0.24	-22.839912378526137
0.24999999999999997	-19.055459607850757
0.26	-14.524854930855398
0.27	-9.767308979897109
0.27999999999999997	-5.229893150916981
0.29	-1.2625942730705166
0.29999999999999993	1.8957400284547654
0.30999999999999994	4.1205040063176215
0.31999999999999995	5.394373237575722
0.32999999999999996	5.791966985666194
0.33999999999999997	5.458403039328712
0.35	4.584346066331673
0.36	3.3802177825986943
0.37	2.0520534013399225
0.38	0.7810896947074581
0.39	-0.2913906659854949
0.3999999999999999	-1.0730905105567434
0.4099999999999999	-1.5234197711640418
0.41999999999999993	-1.6503620197777609
0.42999999999999994	-1.5024796697405598
0.43999999999999995	-1.157444210782247
0.44999999999999996	-0.708696675988416
0.45999999999999996	-0.25188031150107804
0.47	0.12744729102129135
0.48	0.36359440332799425
0.49	0.41716304750955335
0.4999999999999999	0.2777201292380938
0.5099999999999999	-0.03724594609459104
0.5199999999999999	-0.4866352580515011
0.5299999999999999	-1.0125402097872507
0.5399999999999999	-1.5485551196161136
0.5499999999999999	-2.0285126937030293
0.5599999999999999	-2.394603166072426
0.57	-2.603979361405383
0.58	-2.633187309022826
0.59	-2.4800553599979636
0.6	-2.1629889515904615
0.6099999999999999	-1.7179171502438921
0.6199999999999999	-1.1933887249644028
0.6299999999999999	-0.6444947749892137
0.6399999999999999	-0.1263863671720094
0.6499999999999999	0.31184561784536363
0.6599999999999999	0.6322494454676797
0.6699999999999999	0.8115313911772263
0.6799999999999999	0.842705296852078
0.6899999999999998	0.7347963248740496
0.6999999999999998	0.5107504546901063
0.7099999999999999	0.20389894793170119
0.7199999999999999	-0.14652655010348423
0.7299999999999999	-0.5002513862450265
0.7399999999999999	-0.8206007257910503
0.7499999999999999	-1.0783992054812428
0.7599999999999999	-1.2547155015267466
0.7699999999999999	-1.3421985156864131
0.7799999999999999	-1.3449319695049653
0.7899999999999999	-1.2769138140765082
0.7999999999999998	-1.1594251257852273
0.8099999999999998	-1.0176725820082089
0.8199999999999998	-0.8771569646517403
0.8299999999999998	-0.7602316312961462
0.8399999999999999	-0.6832705707885397
0.8499999999999999	-0.6547730152308268
0.8599999999999999	-0.6746034379378566
0.8699999999999999	-0.7344186022294501
0.8799999999999999	-0.8191852285935736
0.8899999999999999	-0.909560375139543
0.8999999999999998	-0.9848067932702891
0.9099999999999998	-1.0258581505126971
0.9199999999999998	-1.0181396242227327
0.9299999999999998	-0.9537877093260956
0.9399999999999998	-0.8329933319658661
0.9499999999999998	-0.6643039760167255
0.9599999999999999	-0.4638495988987441
0.9699999999999999	-0.25358805649490235
0.9799999999999999	-0.05878316701909777
0.9899999999999999	0.09498104452944829
0.9999999999999999	0.18489299140417323
1.0099999999999998	0.19374528722341372
1.0199999999999998	0.11217005439825997
1.0299999999999998	-0.059987006311325294
1.0399999999999998	-0.31331799184272147
1.0499999999999998	-0.6295754719671823
1.0599999999999998	-0.983389992360162
1.0699999999999998	-1.3447936193934298
1.0799999999999998	-1.6822710059807304
1.0899999999999999	-1.9660020760782297
1.0999999999999999	-2.1709413306459986
1.1099999999999999	-2.2793994849385495
1.1199999999999999	-2.2828506810092257
1.13	-2.182775850478686
1.14	-1.9904597243497644
1.15	-1.725773327050414
1.16	-1.415082814096385
1.17	-1.0885173428492083
1.18	-0.7768935882102898
1.19	-0.5086259946636323
1.2	-0.30694718106178304
1.21	-0.18772339878479083
1.22	-0.158080678674543
1.23	-0.21596649775129065
1.24	-0.3506697984431076
1.25	-0.5442202899416544
1.26	-0.7734971254529371
1.27	-1.012806746891377
1.2799999999999998	-1.2366468925425587
1.2899999999999998	-1.4223622676585657
1.2999999999999998	-1.5524174836214375
1.3099999999999998	-1.6160614624680563
1.3199999999999998	-1.6102284958435666
1.3299999999999998	-1.5396062450800048
1.3399999999999999	-1.4158906378799585
1.3499999999999999	-1.2563321587484415
1.3599999999999999	-1.0817486368755724
1.3699999999999999	-0.9142293083479978
1.38	-0.7747791693622138
1.39	-0.6811498327203702
1.4	-0.6460745914132685
1.41	-0.6760752101056712
1.42	-0.7709422837614642
1.43	-0.9239173908708525
1.44	-1.122531814283105
1.45	-1.3499910201253034
1.46	-1.5869429042549201
1.47	-1.8134357338939595
1.48	-2.010861177553208
1.4899999999999998	-2.1636888736564823
1.4999999999999998	-2.2608293933924517
1.5099999999999998	-2.296508031441253
1.5199999999999998	-2.270587053190216
1.5299999999999998	-2.188332572243618
1.5399999999999998	-2.0596778624501058
1.5499999999999998	-1.8980820334328934
1.5599999999999998	-1.7191172616959571
1.5699999999999998	-1.5389364427231889
1.5799999999999998	-1.3727753043755953
1.5899999999999999	-1.2336295891821294
1.5999999999999999	-1.1312213471342074
1.6099999999999999	-1.0713323629136782
1.6199999999999999	-1.0555416769174313
1.63	-1.0813626455974221
1.64	-1.1427373001149084
1.65	-1.2308154186237674
1.66	-1.3349251598150575
1.67	-1.443632490267148
1.68	-1.5457878778688086
1.69	-1.63146957477572
1.6999999999999997	-1.6927511362113568
1.7099999999999997	-1.7242439101468254
1.7199999999999998	-1.7233901816371504
1.7299999999999998	-1.690506712917607
1.7399999999999998	-1.628599290054364
1.7499999999999998	-1.5429849427743898
1.7599999999999998	-1.4407688991742347
1.7699999999999998	-1.3302280031873288
1.7799999999999998	-1.2201518698833498
1.7899999999999998	-1.11918859122908
1.7999999999999998	-1.0352347159522661
1.8099999999999998	-0.9749009306947491
1.8199999999999998	-0.9430766053110604
1.8299999999999998	-0.9426090288907792
1.8399999999999999	-0.974107214445228
1.8499999999999999	-1.0358756000808926
1.8599999999999999	-1.123979449944305
1.8699999999999999	-1.2324406303182998
1.88	-1.353558987804133
1.89	-1.478350161542508
1.9	-1.5970849466887584
1.91	-1.6999082887744623
1.9199999999999997	-1.7775080486808652
1.9299999999999997	-1.821795659279453
1.9399999999999997	-1.826553830215641
1.9499999999999997	-1.7880018336662753
1.9599999999999997	-1.705227866283634
1.9699999999999998	-1.5804415255911999
1.9799999999999998	-1.4190081157756682
1.9899999999999998	-1.229240274599226
1.9999999999999998	-1.0219405953975642
2.01	-0.8097101606576057
2.0199999999999996	-0.6060603106192488
2.03	-0.42438627663079675
2.0399999999999996	-0.2768791245185011
2.05	-0.1734645420865694
2.0599999999999996	-0.12086156577104076
2.07	-0.1218502544863853
2.0799999999999996	-0.17482432562744601
2.09	-0.27368356129408533
2.0999999999999996	-0.4080929966735854
2.11	-0.5641039462884941
2.1199999999999997	-0.725098814299026
2.13	-0.872990653299412
2.1399999999999997	-0.9895827899825097
2.15	-1.0579763076625852
2.1599999999999997	-1.0639058032556519
2.17	-0.9968876691630444
2.1799999999999997	-0.8510801056171349
2.19	-0.625778909161924
2.1999999999999997	-0.3255055207329492
2.21	0.04031926354118444
2.2199999999999998	0.45808474215629186
2.23	0.9110168772553777
2.2399999999999998	1.380427485207516
2.2499999999999996	1.8470723661840507
2.26	2.2924966937256226
2.2699999999999996	2.7002499399044377
2.28	3.056868040215397
2.2899999999999996	3.352545736432016
2.3	3.581454393308056
2.3099999999999996	3.74169665782607
2.32	3.834925348749905
2.3299999999999996	3.8656862040634103
2.34	3.8405692904062354
2.3499999999999996	3.7672694973628835
2.36	3.6536611559062058
2.3699999999999997	3.5069851844094484
2.38	3.333230235285291
2.3899999999999997	3.136764138065473
2.4	2.9202414121435125
2.4099999999999997	2.684780183601286
2.42	2.4303710620952628
2.4299999999999997	2.1564547481071443
2.44	1.862587076497684
2.4499999999999997	1.5491016952771144
2.4599999999999995	1.2176823857167334
2.4699999999999998	0.871768763774783
2.4799999999999995	0.5167392925209959
2.4899999999999998	0.15984180634655415
2.4999999999999996	-0.19012890201590987
2.51	-0.5233777409116281
2.5199999999999996	-0.8298258165596495
2.53	-1.0999228424228982
2.5399999999999996	-1.325470277338811
2.55	-1.5003681218046596
2.5599999999999996	-1.6212058598461685
2.57	-1.6876340791319435
2.5799999999999996	-1.7024759723313703
2.59	-1.6715646742066135
2.5999999999999996	-1.6033202885220328
2.61	-1.508106513254032
2.6199999999999997	-1.3974282560173887
2.63	-1.283046376156591
2.6399999999999997	-1.1760923071113782
2.65	-1.0862633234934262
2.6599999999999997	-1.0211690787862642
2.6699999999999995	-0.9858830672636607
2.6799999999999997	-0.9827308620830701
2.6899999999999995	-1.0113228034521144
2.6999999999999997	-1.0688148752233897
2.7099999999999995	-1.1503603086345988
2.7199999999999998	-1.2496980882040891
2.7299999999999995	-1.3598144987173024
2.7399999999999998	-1.4736108876021061
2.7499999999999996	-1.5845148685028103
2.76	-1.686982445195135
2.7699999999999996	-1.7768535402263772
2.78	-1.851541274284411
2.7899999999999996	-1.9100539515432957
2.8	-1.9528659879648238
2.8099999999999996	-1.981668164668638
2.82	-1.9990372459826222
2.8299999999999996	-2.0080694095893175
2.84	-2.0120209784251006
2.8499999999999996	-2.0139941306310667
2.86	-2.0166956383554413
2.8699999999999997	-2.0222846747442116
2.8799999999999994	-2.0323129508980875
2.8899999999999997	-2.0477485109830877
2.8999999999999995	-2.069064831158831
2.9099999999999997	-2.096370480473434
2.9199999999999995	-2.129552080898147
2.9299999999999997	-2.168404701271968
2.9399999999999995	-2.2127286871291885
2.9499999999999997	-2.262379394700187
2.9599999999999995	-2.3172651993299587
2.9699999999999998	-2.377298189945146
2.9799999999999995	-2.4423098841615047
2.9899999999999998	-2.5119500441235965
2.9999999999999996	-2.5855895111892746
3.01	-2.662247591699749
3.0199999999999996	-2.7405610431028737
3.03	-2.8188056718942747
3.0399999999999996	-2.8949738397267932
3.05	-2.966902872832522
3.0599999999999996	-3.032441640806821
3.07	-3.089636486049206
3.0799999999999996	-3.1369140912105626
3.0899999999999994	-3.1732382804302786
3.0999999999999996	-3.198220272507648
3.1099999999999994	-3.212167238655109
3.1199999999999997	-3.2160614886849648
3.1299999999999994	-3.211471255612001
3.1399999999999997	-3.2004027452915027
3.1499999999999995	-3.185110722157117
3.1599999999999997	-3.167890400346091
3.1699999999999995	-3.150876047182943
3.1799999999999997	-3.1358710874590794
3.1899999999999995	-3.124230639453076
3.1999999999999997	-3.1168107503564424
3.2099999999999995	-3.1139899297400637
3.2199999999999998	-3.1157589766436073
3.2299999999999995	-3.121865772273301
3.2399999999999998	-3.131993872366081
3.2499999999999996	-3.1459484298790077
3.26	-3.163820968335317
3.2699999999999996	-3.186106177523051
3.28	-3.213749141039864
3.2899999999999996	-3.248109708878637
3.2999999999999994	-3.290841184006316
3.3099999999999996	-3.343691892205384
3.3199999999999994	-3.408249184503275
3.3299999999999996	-3.4856546164462263
3.3399999999999994	-3.5763252538257846
3.3499999999999996	-3.679718371004896
3.3599999999999994	-3.7941747544049185
3.3699999999999997	-3.916869403724912
3.3799999999999994	-4.043888139434795
3.3899999999999997	-4.170435435981387
3.3999999999999995	-4.291164028004196
3.4099999999999997	-4.400602031668671
3.4199999999999995	-4.49364010075438
3.4299999999999997	-4.566031007122549
3.4399999999999995	-4.614848238482596
3.4499999999999997	-4.638849578420303
3.4599999999999995	-4.6386965089481755
3.4699999999999998	-4.616990443405513
3.4799999999999995	-4.578101512001405
3.4899999999999998	-4.527783669238559
3.4999999999999996	-4.4725897010276405
3.51	-4.419119500265624
3.5199999999999996	-4.373152933582315
3.5299999999999994	-4.338733050532566
3.5399999999999996	-4.317274889892536
3.5499999999999994	-4.306778732933606
3.5599999999999996	-4.301223862035133
3.5699999999999994	-4.290209770003625
3.5799999999999996	-4.258896929080609
3.5899999999999994	-4.18827974110871
3.5999999999999996	-4.055801599233911
3.6099999999999994	-3.8362977913393626
3.6199999999999997	-3.5032280629958814
3.6299999999999994	-3.0301387854542092
3.6399999999999997	-2.3922764140791433
3.6499999999999995	-1.5682605525884168
3.6599999999999997	-0.5417173593312233
3.6699999999999995	0.6972272804997091
3.6799999999999997	2.1506903990031736
3.6899999999999995	3.812095063272415
3.6999999999999997	5.665622506290882
3.7099999999999995	7.686101531376507
3.7199999999999998	9.839360248400896
3.7299999999999995	12.083040433050032
3.7399999999999993	14.36784986009292
3.7499999999999996	16.639204195675795
3.7599999999999993	18.83918868103631
3.7699999999999996	20.908751979900938
3.7799999999999994	22.79003107617969
3.7899999999999996	24.42869765694241
3.7999999999999994	25.77621341955967
3.8099999999999996	26.791884376619766
3.8199999999999994	27.444612423890433
3.8299999999999996	27.714255863567544
3.8399999999999994	27.592528673650584
3.8499999999999996	27.08339029024688
3.8599999999999994	26.20290251705047
3.8699999999999997	24.97855670676992
3.8799999999999994	23.448101243379472
3.8899999999999997	21.65792517582091
3.8999999999999995	19.661077179261955
3.9099999999999997	17.515018476597
3.9199999999999995	15.27922271647065
3.9299999999999997	13.012744087353944
3.9399999999999995	10.77187648243358
3.9499999999999993	8.608021037997267
3.9599999999999995	6.565867005098512
3.9699999999999993	4.681972291165394
3.9799999999999995	2.9838061748572096
3.9899999999999993	1.4892890925078912
3.9999999999999996	0.20683476022493325
4.009999999999999	-0.8641298368233221
4.02	-1.7322189043547802
4.029999999999999	-2.4127931415393276
4.039999999999999	-2.926410942846773
4.049999999999999	-3.297132539640114
4.06	-3.5507886441672385
4.069999999999999	-3.713321990430053
4.079999999999999	-3.809299657887691
4.089999999999999	-3.86067712117567
4.1	-3.8858729843877033
4.109999999999999	-3.8991880988977887
4.119999999999999	-3.9105762262779153
4.129999999999999	-3.9257476552147703
4.139999999999999	-3.9465641713542197
4.1499999999999995	-3.971665204064283
4.159999999999999	-3.9972521241031
4.169999999999999	-4.017951327619901
4.179999999999999	-4.027677141881613
4.189999999999999	-4.0204223877309175
4.199999999999999	-3.9909167710948052
4.209999999999999	-3.9351098537307774
4.219999999999999	-3.8504545634746945
4.229999999999999	-3.735987275328645
4.239999999999999	-3.5922196514774662
4.249999999999999	-3.4208740458079108
4.259999999999999	-3.2245070187231923
4.269999999999999	-3.0060734266176974
4.279999999999999	-2.7684861647912893
4.289999999999999	-2.5142239570371063
4.299999999999999	-2.2450320713894705
4.309999999999999	-1.961749379024787
4.319999999999999	-1.6642809556953864
4.329999999999999	-1.3517198427226589
4.339999999999999	-1.0226060947671474
4.349999999999999	-0.6752972384950379
4.359999999999999	-0.30841296211904806
4.369999999999999	0.07869081654775763
4.379999999999999	0.4854668117588298
4.389999999999999	0.9097875078730217
4.399999999999999	1.3476647250467566
4.409999999999999	1.7931108712949804
4.419999999999999	2.2381633796004095
4.429999999999999	2.673080242935452
4.439999999999999	3.086700307763645
4.449999999999999	3.466948245723194
4.459999999999999	3.801451995196587
4.469999999999999	4.078230890369016
4.479999999999999	4.286406389091234
4.489999999999999	4.416884713630003
4.499999999999999	4.462961976401375
4.509999999999999	4.420807328062547
4.519999999999999	4.289787918080374
4.529999999999999	4.072610347230999
4.539999999999999	3.775265990416257
4.549999999999999	3.406781138053564
4.559999999999999	2.978786363830922
4.569999999999999	2.50493192084171
4.579999999999999	2.0001864327998846
4.589999999999999	1.4800639650821892
4.599999999999999	0.9598292070108336
4.6099999999999985	0.45373167170718703
4.619999999999999	-0.02568253571005392
4.629999999999999	-0.46813853203461875
4.639999999999999	-0.8660458344365772
4.649999999999999	-1.2147336317191244
4.659999999999999	-1.5124973582979002
4.669999999999999	-1.7604589116117064
4.679999999999999	-1.962255697953149
4.689999999999999	-2.1235853297829497
4.699999999999999	-2.2516423908925876
4.709999999999999	-2.354490538323183
4.719999999999999	-2.4404168215623474
4.729999999999999	-2.517315206618308
4.739999999999999	-2.592142892676547
4.749999999999999	-2.6704863666288747
4.759999999999999	-2.756264772501285
4.769999999999999	-2.851586812632699
4.779999999999999	-2.956764942999386
4.789999999999999	-3.070478069009999
4.799999999999999	-3.1900622993066854
4.809999999999999	-3.3118995159800955
4.8199999999999985	-3.4318663663015148
4.829999999999999	-3.5458023539037278
4.839999999999999	-3.649955317795602
4.849999999999999	-3.7413657473828827
4.8599999999999985	-3.8181577973669674
4.869999999999999	-3.8797139610447866
4.879999999999999	-3.9267213211198033
4.889999999999999	-3.961089144291874
4.899999999999999	-3.9857492600754587
4.909999999999999	-4.004361120688338
4.919999999999999	-4.020951742510812
4.929999999999999	-4.039526141663338
4.939999999999999	-4.063685923027076
4.949999999999999	-4.096292200153304
4.959999999999999	-4.139204176299474
4.969999999999999	-4.193116980042838
4.979999999999999	-4.257512466897908
4.989999999999999	-4.330725614349627
4.999999999999999	-4.4101179051058255
5.009999999999999	-4.49233877604645
5.019999999999999	-4.573647781963742
5.0299999999999985	-4.650264375010165
5.039999999999999	-4.718709667124537
5.049999999999999	-4.7761054512471075
5.059999999999999	-4.820400008758127
5.0699999999999985	-4.850497410803627
5.079999999999999	-4.866276441743716
5.089999999999999	-4.8684960393358425
5.099999999999999	-4.858595244238895
5.1099999999999985	-4.83840604416604
5.119999999999999	-4.8098062239544355
5.129999999999999	-4.774345594798205
5.139999999999999	-4.732882213085622
5.149999999999999	-4.685265135149839
5.159999999999999	-4.630096916489796
5.169999999999999	-4.564602775163785
5.179999999999999	-4.484624679486135
5.189999999999999	-4.384748367928291
5.199999999999999	-4.258560363263988
5.209999999999999	-4.099021338244457
5.219999999999999	-3.898932611721488
5.229999999999999	-3.6514648611839537
5.239999999999998	-3.3507129014911583
5.249999999999999	-2.9922379430726553
5.259999999999999	-2.5735592030950385
5.269999999999999	-2.094559957672393
5.2799999999999985	-1.557778738243346
5.289999999999999	-0.9685638706488656
5.299999999999999	-0.3350783018325528
5.309999999999999	0.3318490203563276
5.3199999999999985	1.0190197179371725
5.329999999999999	1.7112964648786204
5.339999999999999	2.3921459779205336
5.349999999999999	3.044267289576899
5.3599999999999985	3.650274009742905
5.369999999999999	4.193397053059978
5.379999999999999	4.658173878768255
5.389999999999999	5.031091525281591
5.399999999999999	5.301153425743979
5.409999999999999	5.460343930444684
5.419999999999999	5.5039693933037785
5.429999999999999	5.430860365166465
5.439999999999999	5.243425653997145
5.449999999999998	4.947555554280293
5.459999999999999	4.552378216964837
5.469999999999999	4.069879727227727
5.479999999999999	3.5144047669966185
5.489999999999998	2.9020605274378988
5.499999999999999	2.2500515437154127
5.509999999999999	1.5759770713807304
5.519999999999999	0.8971252273878697
5.5299999999999985	0.2297991142600014
5.539999999999999	-0.4112906829460238
5.549999999999999	-1.0135356257757058
5.559999999999999	-1.5668139474309493
5.5699999999999985	-2.0637303814960823
5.579999999999999	-2.4996989385098547
5.589999999999999	-2.8728661866018603
5.599999999999999	-3.1838825180129704
5.6099999999999985	-3.4355388529258044
5.619999999999999	-3.6322954154870746
5.629999999999999	-3.779736881957751
5.639999999999999	-3.8839936783060702
5.649999999999999	-3.9511719532994416
5.659999999999998	-3.9868344193862058
5.669999999999999	-3.995570716331382
5.679999999999999	-3.980689350360351
5.689999999999999	-3.9440539971772806
5.699999999999998	-3.88607567705679
5.709999999999999	-3.8058598600959828
5.719999999999999	-3.7014949198002105
5.729999999999999	-3.5704565571969185
5.739999999999998	-3.4100928638163266
5.749999999999999	-3.2181474534185006
5.759999999999999	-2.993274236504528
5.769999999999999	-2.735497334723725
5.7799999999999985	-2.4465734175243954
5.789999999999999	-2.130221146206841
5.799999999999999	-1.7921928729610999
5.809999999999999	-1.4401764361578338
5.8199999999999985	-1.0835287872455335
5.829999999999999	-0.7328571326948735
5.839999999999999	-0.3994761127320992
5.849999999999999	-0.09478018654150631
5.8599999999999985	0.17042205239730282
5.869999999999998	0.38656109513726716
5.879999999999999	0.5458970006242091
5.889999999999999	0.6430012134520637
5.899999999999999	0.6750918540378185
5.909999999999998	0.6421957614289212
5.919999999999999	0.5471238773434781
5.929999999999999	0.3952609515144964
5.939999999999999	0.19418485657414417
5.949999999999998	-0.04685612617892808
5.959999999999999	-0.3175688926284421
5.969999999999999	-0.607297144139849
5.979999999999999	-0.9057082684565407
5.989999999999998	-1.2034347152502105
5.999999999999999	-1.4926230919049412
6.009999999999999	-1.7673517856473648
6.019999999999999	-2.023888461696601
6.0299999999999985	-2.2607714361917246
6.039999999999999	-2.4787126684157994
6.049999999999999	-2.680333881271092
6.059999999999999	-2.8697600401568537
6.0699999999999985	-3.0521051339381318
6.079999999999998	-3.2328931122235622
6.089999999999999	-3.417461370713371
6.099999999999999	-3.6103950340873734
6.1099999999999985	-3.8150374369136717
6.119999999999998	-4.033115896249139
6.129999999999999	-4.264512605463713
6.139999999999999	-4.507198967951397
6.149999999999999	-4.757338797379193
6.159999999999998	-5.009552494193503
6.169999999999999	-5.257321544252563
6.179999999999999	-5.493501406012189
6.189999999999999	-5.710901878689639
6.199999999999998	-5.9028880311995735
6.209999999999999	-6.063952168520144
6.219999999999999	-6.190208330421994
6.229999999999999	-6.279765420320267
6.239999999999998	-6.332942967309004
6.249999999999999	-6.352304224146355
6.259999999999999	-6.342494097474953
6.269999999999999	-6.309883446285724
6.2799999999999985	-6.262035630715808
6.289999999999998	-6.20702487424946
6.299999999999999	-6.152648078066631
6.309999999999999	-6.105581348934901
6.3199999999999985	-6.070538972265234
6.329999999999998	-6.049495375570324
6.339999999999999	-6.041029510505061
6.349999999999999	-6.039846010528352
6.3599999999999985	-6.036518687890928
6.369999999999998	-6.017489893460158
6.379999999999999	-5.965344666915407
6.389999999999999	-5.859362317728398
6.399999999999999	-5.676331083551714
6.409999999999998	-5.391594854257545
6.419999999999999	-4.980285660407233
6.429999999999999	-4.418682663245841
6.439999999999999	-3.6856285724200095
6.449999999999998	-2.763928392372241
6.459999999999999	-1.6416535656795432
6.469999999999999	-0.31327709574500795
6.479999999999999	1.2194280141613303
6.489999999999998	2.946784031636497
6.499999999999998	4.850940567614072
6.509999999999999	6.905970084136791
6.519999999999999	9.078335399787179
6.5299999999999985	11.327719064039206
6.539999999999998	13.608186175230257
6.549999999999999	15.869635291814085
6.559999999999999	18.059477418151843
6.5699999999999985	20.124471381272713
6.579999999999998	22.01263582627897
6.589999999999999	23.675153919020374
6.599999999999999	25.06818681779911
6.6099999999999985	26.154516012222146
6.619999999999998	26.90494247692228
6.629999999999999	27.29938181948641
6.639999999999999	27.327608630160103
6.649999999999999	26.989619358564653
6.659999999999998	26.295600456798137
6.669999999999999	25.265506397717843
6.679999999999999	23.928269650663253
6.689999999999999	22.320680950205507
6.699999999999998	20.48599246531591
6.709999999999999	18.472308100982268
6.719999999999999	16.330833601823308
6.729999999999999	14.114063988956609
6.739999999999998	11.873986930505648
6.749999999999998	9.660377891873202
6.759999999999999	7.519256496176558
6.769999999999999	5.491563800280271
6.7799999999999985	3.6121076882030043
6.789999999999998	1.9088089875149037
6.799999999999999	0.4022650344251205
6.809999999999999	-0.8943688617178348
6.8199999999999985	-1.9751953558576056
6.829999999999998	-2.8411180454841056
6.839999999999999	-3.499153243898131
6.849999999999999	-3.961561526672621
6.8599999999999985	-4.244855879946327
6.869999999999998	-4.368745497298932
6.879999999999999	-4.355072844210537
6.889999999999999	-4.22679677118169
6.899999999999999	-4.007066678137732
6.909999999999998	-3.718422683278656
6.919999999999999	-3.382145247308159
6.929999999999999	-3.01776565170512
6.939999999999999	-2.642737042130839
6.949999999999998	-2.27225527771337
6.959999999999998	-1.9192102944544613
6.969999999999999	-1.5942426267676506
6.979999999999999	-1.305876433712109
6.989999999999998	-1.060699891867699
6.999999999999998	-0.863565941148979
7.009999999999999	-0.7177906752012041
7.019999999999999	-0.6253325490227662
7.0299999999999985	-0.586942313562564
7.039999999999998	-0.6022804199297741
7.049999999999999	-0.6700048397959713
7.059999999999999	-0.7878372059588891
7.0699999999999985	-0.9526184367983107
7.079999999999998	-1.1603663270817082
7.089999999999999	-1.406346948208088
7.099999999999999	-1.6851693070513776
7.1099999999999985	-1.9909089588965734
7.119999999999998	-2.3172616929261842
7.129999999999999	-2.657723621772916
7.139999999999999	-3.0057896281944614
7.149999999999999	-3.3551587036367105
7.159999999999998	-3.6999326770967476
7.169999999999998	-4.034794422651489
7.179999999999999	-4.355152890756431
7.189999999999999	-4.657245066204158
7.199999999999998	-4.938188864566191
7.209999999999998	-5.195985548950108
7.219999999999999	-5.42947491057176
7.229999999999999	-5.638250631792313
7.239999999999998	-5.8225464239952665
7.249999999999998	-5.983105318253753
7.259999999999999	-6.121044675420846
7.269999999999999	-6.23772807199028
7.2799999999999985	-6.334652416809747
7.289999999999998	-6.413354857108509
7.299999999999999	-6.475339777118591
7.309999999999999	-6.522022091586836
7.3199999999999985	-6.554679701724185
7.329999999999998	-6.574405944777638
7.339999999999999	-6.582052510566242
7.349999999999999	-6.578154790979018
7.3599999999999985	-6.5628349025498895
7.369999999999998	-6.535682363079924
7.379999999999998	-6.495618075558508
7.389999999999999	-6.440753173578695
7.399999999999999	-6.368259617921725
7.409999999999998	-6.274273409501105
7.419999999999998	-6.153853200563272
7.429999999999999	-6.001016430750489
7.439999999999999	-5.808871633278452
7.449999999999998	-5.569859301762493
7.459999999999998	-5.276105055008001
7.469999999999999	-4.919878462252658
7.479999999999999	-4.494139719001755
7.489999999999998	-3.9931454799956185
7.499999999999998	-3.413075702455234
7.509999999999999	-2.752636407991141
7.519999999999999	-2.013589733909054
7.5299999999999985	-1.2011631295016862
7.539999999999998	-0.3242943150350466
7.549999999999999	0.6043224884681291
7.559999999999999	1.56841108736713
7.5699999999999985	2.5485155173541982
7.579999999999998	3.5226202855927284
7.589999999999998	4.4669624266715235
7.599999999999999	5.3569939533438795
7.6099999999999985	6.168440845187283
7.619999999999998	6.878396168953394
7.629999999999998	7.466381063416981
7.639999999999999	7.915308534217865
7.649999999999999	8.21229122029763
7.659999999999998	8.349244991579964
7.669999999999998	8.323254493499961
7.679999999999999	8.13668333019563
7.689999999999999	7.797029043002398
7.699999999999998	7.316539907365217
7.709999999999998	6.711625440168172
7.719999999999999	6.002104202254643
7.729999999999999	5.2103401491499115
7.739999999999998	4.360321982800851
7.749999999999998	3.4767386816451684
7.759999999999999	2.584099052938762
7.769999999999999	1.7059345460218258
7.7799999999999985	0.864113750119914
7.789999999999998	0.07828519447753493
7.799999999999998	-0.6345464841580385
7.809999999999999	-1.2603161047075664
7.8199999999999985	-1.7880781938940686
7.829999999999998	-2.210089843691496
7.839999999999998	-2.5218159133387594
7.849999999999999	-2.7218751484829973
7.8599999999999985	-2.8119421273036003
7.869999999999998	-2.7966145578102677
7.879999999999998	-2.6832492959214607
7.889999999999999	-2.481764548182549
7.899999999999999	-2.204401024858556
7.909999999999998	-1.8654321041082156
7.919999999999998	-1.4808128746808615
7.929999999999999	-1.0677604327882542
7.939999999999999	-0.6442628549854095
7.949999999999998	-0.22852135257429987
7.959999999999998	0.16166154849035078
7.969999999999999	0.5095263428735807
7.979999999999999	0.800004108262799
7.989999999999998	1.0203319937110984
7.999999999999998	1.1605980122892303
8.009999999999998	1.21417651219162
8.02	1.1780193072343976
8.03	1.0527745912965698
8.04	0.8427159972290975
8.049999999999999	0.5554767123857587
8.059999999999999	0.201597394238942
8.069999999999999	-0.20608945439380225
8.079999999999998	-0.6532032271581196
8.089999999999998	-1.1246411958674678
8.1	-1.6054336767984023
8.109999999999998	-2.081572103812956
8.12	-2.540754794103716
8.129999999999999	-2.973000493308053
8.139999999999999	-3.3710889057436404
8.149999999999999	-3.7307996064386195
8.159999999999998	-4.050934996020755
8.169999999999998	-4.333128143106309
8.179999999999998	-4.581451259889794
8.189999999999998	-4.801854034981841
8.2	-5.001472123136698
8.209999999999999	-5.1878540234807335
8.219999999999999	-5.368158916862177
8.229999999999999	-5.548378643078867
8.239999999999998	-5.732634048490531
8.249999999999998	-5.922589859484168
8.259999999999998	-6.117023680381108
8.269999999999998	-6.3115744512366385
8.279999999999998	-6.498684559072247
8.29	-6.667738576851846
8.299999999999999	-6.805391016333317
8.309999999999999	-6.896066089002288
8.319999999999999	-6.922604666594547
8.329999999999998	-6.867027632905078
8.339999999999998	-6.711380669548084
8.349999999999998	-6.438623132495552
8.359999999999998	-6.033522871910767
8.37	-5.483519395354305
8.379999999999999	-4.779519440211708
8.389999999999999	-3.9165916035996062
8.399999999999999	-2.89453003122283
8.409999999999998	-1.7182612093368959
8.419999999999998	-0.3980726128089939
8.429999999999998	1.0503526478286416
8.439999999999998	2.606104942807557
8.449999999999998	4.243423967702652
8.459999999999999	5.932276839649261
8.469999999999999	7.639126028467137
8.479999999999999	9.3278665108359
8.489999999999998	10.960903430243992
8.499999999999998	12.500333960141191
8.509999999999998	13.909190489093481
8.519999999999998	15.15269717610354
8.529999999999998	16.199488828752852
8.54	17.022740318745107
8.549999999999999	17.601156619716885
8.559999999999999	17.919778113833658
8.569999999999999	17.970562959725587
8.579999999999998	17.752717743604443
8.589999999999998	17.27275886705591
8.599999999999998	16.54429953091119
8.609999999999998	15.587570026606176
8.62	14.428691573673698
8.629999999999999	13.098735392767367
8.639999999999999	11.632608404985818
8.649999999999999	10.067814358267073
8.659999999999998	8.443143927962383
8.669999999999998	6.797349241387949
8.679999999999998	5.167857351686339
8.689999999999998	3.589573634185393
8.699999999999998	2.0938202521268927
8.709999999999999	0.7074472049389353
8.719999999999999	-0.5478554358396559
8.729999999999999	-1.6560251294738322
8.739999999999998	-2.6068651647656806
8.749999999999998	-3.3960540780410766
8.759999999999998	-4.024935538647025
8.769999999999998	-4.500106051695554
8.779999999999998	-4.832824717674807
8.79	-5.038274958899511
8.799999999999999	-5.134712525294097
8.809999999999999	-5.142537214135199
8.819999999999999	-5.083327580680545
8.829999999999998	-4.9788784752817605
8.839999999999998	-4.850280500555034
8.849999999999998	-4.717078410222124
8.859999999999998	-4.596542039193099
8.869999999999997	-4.503078551130328
8.879999999999999	-4.447808647971709
8.889999999999999	-4.438322008985381
8.899999999999999	-4.478618811223625
8.909999999999998	-4.569235032618115
8.919999999999998	-4.707539767048327
8.929999999999998	-4.88818349860478
8.939999999999998	-5.103667770833817
8.949999999999998	-5.3449995549709115
8.959999999999999	-5.6023884538409
8.969999999999999	-5.865942177770256
8.979999999999999	-6.126315858380912
8.989999999999998	-6.375273898399865
8.999999999999998	-6.606129137030324
9.009999999999998	-6.814032843369962
9.019999999999998	-6.996099898455852
9.029999999999998	-7.151365743867984
9.04	-7.280584358099956
9.049999999999999	-7.385888681541221
9.059999999999999	-7.470345555118064
9.069999999999999	-7.537445461803144
9.079999999999998	-7.590572432566241
9.089999999999998	-7.632500913406615
9.099999999999998	-7.664964001858681
9.109999999999998	-7.68833139002722
9.119999999999997	-7.70142606019159
9.129999999999999	-7.701497021106786
9.139999999999999	-7.684352128466917
9.149999999999999	-7.644641424194936
9.159999999999998	-7.576268621325963
9.169999999999998	-7.472897456076134
9.179999999999998	-7.328511563709726
9.189999999999998	-7.137981996565435
9.199999999999998	-6.897595863083816
9.209999999999999	-6.605502849292119
9.219999999999999	-6.262043262551715
9.229999999999999	-5.869931067254317
9.239999999999998	-5.434277263599965
9.249999999999998	-4.962451823872461
9.259999999999998	-4.463795107763377
9.269999999999998	-3.9492011299583756
9.279999999999998	-3.430604290636287
9.289999999999997	-2.920407471380002
9.299999999999999	-2.4308923047641375
9.309999999999999	-1.9736518300386583
9.319999999999999	-1.5590818610827122
9.329999999999998	-1.195960724026505
9.339999999999998	-0.8911383165828037
9.349999999999998	-0.6493456028138099
9.359999999999998	-0.4731256531025525
9.369999999999997	-0.3628781029490561
9.379999999999999	-0.31700124411671177
9.389999999999999	-0.3321104848410454
9.399999999999999	-0.40330897543653227
9.409999999999998	-0.5244858656088144
9.419999999999998	-0.6886197391791107
9.429999999999998	-0.8880688181004915
9.439999999999998	-1.114834913581302
9.449999999999998	-1.3607940918084538
9.459999999999999	-1.6178928548726985
9.469999999999999	-1.8783136145055712
9.479999999999999	-2.1346167946721333
9.489999999999998	-2.3798686729497107
9.499999999999998	-2.607763927105182
9.509999999999998	-2.8127499026230263
9.519999999999998	-2.990156195409182
9.529999999999998	-3.1363287714273107
9.539999999999997	-3.248763162701893
9.549999999999999	-3.326226973206414
9.559999999999999	-3.36885864912899
9.569999999999999	-3.3782277532874745
9.579999999999998	-3.3573421923075304
9.589999999999998	-3.310590112728374
9.599999999999998	-3.2436083979402466
9.609999999999998	-3.1630755107911828
9.619999999999997	-3.076433277232794
9.629999999999999	-2.991549381692406
9.639999999999999	-2.916339052417846
9.649999999999999	-2.858369866749347
9.659999999999998	-2.8244771047389743
9.669999999999998	-2.8204180975405335
9.679999999999998	-2.8505922618253683
9.689999999999998	-2.9178489671793253
9.699999999999998	-3.0233983261223996
9.709999999999997	-3.1668309803570573
9.719999999999999	-3.3462427720256747
9.729999999999999	-3.5584497928483794
9.739999999999998	-3.7992697352205345
9.749999999999998	-4.063837747531308
9.759999999999998	-4.346920021339921
9.769999999999998	-4.643186797120828
9.779999999999998	-4.947408762983997
9.789999999999997	-5.2545469868984895
9.799999999999999	-5.559716248448428
9.809999999999999	-5.858014242830364
9.819999999999999	-6.144223623471253
9.829999999999998	-6.412408994182578
9.839999999999998	-6.655445378521669
9.849999999999998	-6.864526978629992
9.859999999999998	-7.028713882623132
9.869999999999997	-7.13457870324322
9.879999999999999	-7.166014173598266
9.889999999999999	-7.104256143290275
9.899999999999999	-6.928164329616641
9.909999999999998	-6.614786183016068
9.919999999999998	-6.140208377206158
9.929999999999998	-5.480677175996267
9.939999999999998	-4.613944993513387
9.949999999999998	-3.52077774622307
9.959999999999997	-2.186538000374776
9.969999999999999	-0.6027442122432328
9.979999999999999	1.23150198584202
9.989999999999998	3.3083294332158317
9.999999999999998	5.610253998635867
10.009999999999998	8.109765151774285
10.019999999999998	10.769407585785059
10.029999999999998	13.542394924139337
10.039999999999997	16.37376036281364
10.049999999999999	19.202014883835798
10.059999999999999	21.96124980522573
10.069999999999999	24.583589338872336
10.079999999999998	27.001872816353515
10.089999999999998	29.152427309106486
10.099999999999998	30.977781041188848
10.109999999999998	32.429167202734234
10.119999999999997	33.46867677515785
10.129999999999997	34.0709373218305
10.139999999999999	34.22422124242575
10.149999999999999	33.93091999091205
10.159999999999998	33.20735799119279
10.169999999999998	32.082958910107074
10.179999999999998	30.598814899613814
10.189999999999998	28.805743809794407
10.199999999999998	26.761947885642925
10.209999999999997	24.53040822392561
10.219999999999999	22.176160997409063
10.229999999999999	19.763603544795913
10.239999999999998	17.35397098189496
10.249999999999998	15.003107812560176
10.259999999999998	12.75963552482807
10.269999999999998	10.663588261227213
10.279999999999998	8.745556598747433
10.289999999999997	7.026346658495175
10.299999999999999	5.517130538986544
10.309999999999999	4.22003655420782
10.319999999999999	3.129105694622718
10.329999999999998	2.231525343130489
10.339999999999998	1.5090432098362467
10.349999999999998	0.9394637313761157
10.359999999999998	0.4981352638427748
10.369999999999997	0.15934823121503627
10.379999999999997	-0.10241946437884625
10.389999999999999	-0.3114546869790377
10.399999999999999	-0.4899842321165047
10.409999999999998	-0.657579339824065
10.419999999999998	-0.8307794152760781
10.429999999999998	-1.0229116505961866
10.439999999999998	-1.2440741893953537
10.449999999999998	-1.5012458042313377
10.459999999999997	-1.7984845942269463
10.469999999999999	-2.1371813960702575
10.479999999999999	-2.516339575159512
10.489999999999998	-2.9328605713412252
10.499999999999998	-3.3818228922551947
10.509999999999998	-3.85675010534236
10.519999999999998	-4.349869866454677
10.529999999999998	-4.852370474512585
10.539999999999997	-5.354663494617935
10.549999999999999	-5.846660603744212
10.559999999999999	-6.318070245119557
10.569999999999999	-6.758715446980402
10.579999999999998	-7.158868967360305
10.589999999999998	-7.509596558739106
10.599999999999998	-7.803094388592224
10.609999999999998	-8.033003190264644
10.619999999999997	-8.194680064295628
10.629999999999997	-8.285409285044324
10.639999999999999	-8.304536016986738
10.649999999999999	-8.25351128264344
10.659999999999998	-8.135842402691596
10.669999999999998	-7.956949837177573
10.679999999999998	-7.723938192883863
10.689999999999998	-7.445295414745203
10.699999999999998	-7.130539209286246
10.709999999999997	-6.7898330580172015
10.719999999999999	-6.433595465997707
10.729999999999999	-6.072125276958405
10.739999999999998	-5.71526312042928
10.749999999999998	-5.372104692149909
10.759999999999998	-5.050776120255772
10.769999999999998	-4.758275747708564
10.779999999999998	-4.500380903706269
10.789999999999997	-4.281613234595607
10.799999999999997	-4.105252397693251
10.809999999999999	-3.9733857066575564
10.819999999999999	-3.886980778924835
10.829999999999998	-3.845969298079473
10.839999999999998	-3.8493324062322065
10.849999999999998	-3.895181575516608
10.859999999999998	-3.9808325716388744
10.869999999999997	-4.10287378306496
10.879999999999997	-4.25723324820086
10.889999999999999	-4.439250764971191
10.899999999999999	-4.643762248588511
10.909999999999998	-4.86520292013354
10.919999999999998	-5.0977340450981945
10.929999999999998	-5.335395046135579
10.939999999999998	-5.572279268043478
10.949999999999998	-5.802727938162721
10.959999999999997	-6.021533428942556
10.969999999999999	-6.224140242405093
10.979999999999999	-6.406830558146733
10.989999999999998	-6.566880941707612
10.999999999999998	-6.702677960994651
11.009999999999998	-6.813782898636076
11.019999999999998	-6.900939216641711
11.029999999999998	-6.966020543792182
11.039999999999997	-7.0119212591907605
11.049999999999997	-7.0423957637917285
11.059999999999999	-7.061855833804576
11.069999999999999	-7.075137699484054
11.079999999999998	-7.087251491126664
11.089999999999998	-7.103125404171462
11.099999999999998	-7.127355486515751
11.109999999999998	-7.163969622368741
11.119999999999997	-7.216211470553908
11.129999999999997	-7.286347265873722
11.139999999999999	-7.375495966910073
11.149999999999999	-7.4834816296965645
11.159999999999998	-7.608706385539868
11.169999999999998	-7.748043125558499
11.179999999999998	-7.896748883702885
11.189999999999998	-8.04840271827618
11.199999999999998	-8.194875209422888
11.209999999999997	-8.326339985721805
11.219999999999997	-8.43134037521596
11.229999999999999	-8.496925763817824
11.239999999999998	-8.508872040775369
11.249999999999998	-8.451998274238576
11.259999999999998	-8.310587356108488
11.269999999999998	-8.068911893651686
11.279999999999998	-7.711858467331439
11.289999999999997	-7.225634114813744
11.299999999999997	-6.598529322959375
11.309999999999999	-5.821702814859009
11.319999999999999	-4.8899459437887405
11.329999999999998	-3.802379427086218
11.339999999999998	-2.563033195518723
11.349999999999998	-1.1812617898523803
11.359999999999998	0.3280467964978341
11.369999999999997	1.9445017840611276
11.379999999999997	3.6425003805522707
11.389999999999999	5.391784460882236
11.399999999999999	7.158252738324541
11.409999999999998	8.905001562997471
11.419999999999998	10.593552053426643
11.429999999999998	12.185208060527588
11.439999999999998	13.642479536458469
11.449999999999998	14.930500044816586
11.459999999999997	16.01836589835831
11.469999999999997	16.880327880232755
11.479999999999999	17.49677445715407
11.489999999999998	17.85495724069384
11.499999999999998	17.94942431182623
11.509999999999998	17.782143791823074
11.519999999999998	17.362317496272325
11.529999999999998	16.705901409291847
11.539999999999997	15.834864911298492
11.549999999999997	14.776233216746789
11.559999999999999	13.560966613861599
11.569999999999999	12.222735435098453
11.579999999999998	10.796651134579886
11.589999999999998	9.318011626255693
11.599999999999998	7.821113633186909
11.609999999999998	6.338176911261424
11.619999999999997	4.898415666751601
11.629999999999997	3.527282158078597
11.639999999999997	2.2458971902486593
11.649999999999999	1.0706726945087328
11.659999999999998	0.01312338349363662
11.669999999999998	-0.9201420758866902
11.679999999999998	-1.7272647015570588
11.689999999999998	-2.4108310577525356
11.699999999999998	-2.9774403955306252
11.709999999999997	-3.4371627196189296
11.719999999999997	-3.802907402631855
11.729999999999999	-4.089721758871501
11.739999999999998	-4.314038967861934
11.749999999999998	-4.492895156906443
11.759999999999998	-4.64313641824273
11.769999999999998	-4.780637993048144
11.779999999999998	-4.919559588864363
11.789999999999997	-5.0716624667573065
11.799999999999997	-5.245715111145509
11.809999999999999	-5.447014518886985
11.819999999999999	-5.677048984380253
11.829999999999998	-5.933325372591592
11.839999999999998	-6.2093790617010045
11.849999999999998	-6.494977981010461
11.859999999999998	-6.776523648548187
11.869999999999997	-7.037642208966673
11.879999999999997	-7.259947750324714
11.889999999999997	-7.4239493450341625
11.899999999999999	-7.510063109648492
11.909999999999998	-7.499681924929588
11.919999999999998	-7.376249065800421
11.929999999999998	-7.126278503943323
11.939999999999998	-6.74026452527154
11.949999999999998	-6.213426781282061
11.959999999999997	-5.54624393815936
11.969999999999997	-4.744739402252185
11.979999999999999	-3.8204956314627148
11.989999999999998	-2.7903885146307097
11.999999999999998	-1.6760492732420105
12.009999999999998	-0.5030772701901163
12.019999999999998	0.699958065607833
12.029999999999998	1.9026752800004367
12.039999999999997	3.0741382605715386
12.049999999999997	4.184146235933577
12.059999999999997	5.204487750816683
12.069999999999999	6.110092232917516
12.079999999999998	6.880019124215801
12.089999999999998	7.498234556466669
12.099999999999998	7.954138522942453
12.109999999999998	8.242820551399461
12.119999999999997	8.36503799742827
12.129999999999997	8.326927174322291
12.139999999999997	8.139472556453619
12.149999999999999	7.8177722751575045
12.159999999999998	7.380148271153176
12.169999999999998	6.84715619714354
12.179999999999998	6.24055315741864
12.189999999999998	5.5822805819516415
12.199999999999998	4.893515185739126
12.209999999999997	4.193833531769575
12.219999999999997	3.500525873266844
12.229999999999999	2.8280835184041195
12.239999999999998	2.1878718362141854
12.249999999999998	1.5879891078680026
12.259999999999998	1.0333005576083096
12.269999999999998	0.5256277758921294
12.279999999999998	0.064066894396716
12.289999999999997	-0.3545954084236448
12.299999999999997	-0.7354006313705762
12.309999999999997	-1.0847036182792875
12.319999999999999	-1.4096529125194923
12.329999999999998	-1.7176904640886779
12.339999999999998	-2.0160892948785794
12.349999999999998	-2.3115418461718424
12.359999999999998	-2.6098061644167565
12.369999999999997	-2.9154123719877645
12.379999999999997	-3.231428422330457
12.389999999999997	-3.559282177959043
12.399999999999999	-3.8986364021348816
12.409999999999998	-4.247314152352212
12.419999999999998	-4.601273965111188
12.429999999999998	-4.954636654551855
12.439999999999998	-5.299767964199979
12.449999999999998	-5.6274231518247
12.459999999999997	-5.926960348303849
12.469999999999997	-6.186628826579614
12.479999999999997	-6.393935929814475
12.489999999999998	-6.536092326293193
12.499999999999998	-6.6005296877373185
12.509999999999998	-6.575478241095887
12.519999999999998	-6.45058451130575
12.529999999999998	-6.217542667246078
12.539999999999997	-5.870706973668616
12.549999999999997	-5.407648684367016
12.559999999999997	-4.829618930655363
12.569999999999999	-4.141880233838695
12.579999999999998	-3.3538734362885414
12.589999999999998	-2.4791940655951503
12.599999999999998	-1.535362096194706
12.609999999999998	-0.5433811561136969
12.619999999999997	0.4729033857752033
12.629999999999997	1.4876243204802744
12.639999999999997	2.4738544317656164
12.649999999999999	3.4046631226179738
12.659999999999998	4.254212418443631
12.669999999999998	4.998832222359578
12.679999999999998	5.6180140559720595
12.689999999999998	6.095266116323337
12.699999999999998	6.418780145096554
12.709999999999997	6.581871832358575
12.719999999999997	6.583170459417086
12.729999999999997	6.426549188204914
12.739999999999998	6.120803649180817
12.749999999999998	5.679102045175308
12.759999999999998	5.118243716814345
12.769999999999998	4.457774009880116
12.779999999999998	3.719010595466649
12.789999999999997	2.9240396755537206
12.799999999999997	2.094739653424037
12.809999999999997	1.2518850929612118
12.819999999999999	0.41437567486107885
12.829999999999998	-0.40137582641519626
12.839999999999998	-1.1818748095908491
12.849999999999998	-1.9167864723079169
12.859999999999998	-2.598991298410913
12.869999999999997	-3.2244689208445765
12.879999999999997	-3.792033781841042
12.889999999999997	-4.302952331617466
12.899999999999997	-4.760475025851011
12.909999999999998	-5.169317160919523
12.919999999999998	-5.535120930222003
12.929999999999998	-5.863927495835078
12.939999999999998	-6.161682975198772
12.949999999999998	-6.433796719414406
12.959999999999997	-6.684764755333627
12.969999999999997	-6.9178663247032075
12.979999999999997	-7.1349374709586595
12.989999999999998	-7.336222798354093
12.999999999999998	-7.52030485942768
13.009999999999998	-7.684109930826072
13.019999999999998	-7.822988882516802
13.029999999999998	-7.930872007824325
13.039999999999997	-8.000496612315759
13.049999999999997	-8.02370545241364
13.059999999999997	-7.9918124704347555
13.069999999999999	-7.89602954884638
13.079999999999998	-7.727944247288549
13.089999999999998	-7.480033929840892
13.099999999999998	-7.146196751978586
13.109999999999998	-6.722275207060343
13.119999999999997	-6.206543957052249
13.129999999999997	-5.600131120986849
13.139999999999997	-4.907341623539193
13.149999999999997	-4.135853025454031
13.159999999999998	-3.2967586720410287
13.169999999999998	-2.4044399643252765
13.179999999999998	-1.4762587771423752
13.189999999999998	-0.5320719675914064
13.199999999999998	0.4064182266591672
13.209999999999997	1.3164522171265898
13.219999999999997	2.1751029094558887
13.229999999999997	2.9602217276651435
13.239999999999998	3.6513889092356657
13.249999999999998	4.230813287049555
13.259999999999998	4.6841276803065135
13.269999999999998	5.001030784570779
13.279999999999998	5.1757348425408365
13.289999999999997	5.207189849975923
13.299999999999997	5.099068803483216
13.309999999999997	4.859513534070861
13.319999999999999	4.500655890478759
13.329999999999998	4.037943323800634
13.339999999999998	3.489310244911054
13.349999999999998	2.8742460096429916
13.359999999999998	2.212816398568063
13.369999999999997	1.5246976433172945
13.379999999999997	0.8282803529925299
13.389999999999997	0.13989534609743737
13.399999999999997	-0.5267951138202017
13.409999999999998	-1.161208153993711
13.419999999999998	-1.756033287829307
13.429999999999998	-2.3072010260893268
13.439999999999998	-2.813633815858677
13.449999999999998	-3.2767983781803274
13.459999999999997	-3.7000893273731466
13.469999999999997	-4.088082738266635
13.479999999999997	-4.445704780233424
13.489999999999998	-4.777364530944789
13.499999999999998	-5.086101640460677
13.509999999999998	-5.372798774919767
13.519999999999998	-5.635505940272842
13.529999999999998	-5.868919115678266
13.539999999999997	-6.064049358990855
13.549999999999997	-6.208110906476257
13.559999999999997	-6.28464796790149
13.569999999999997	-6.2739100843330196
13.579999999999998	-6.153475232064489
13.589999999999998	-5.8991085084659645
13.599999999999998	-5.4858324669604865
13.609999999999998	-4.889173308343342
13.619999999999997	-4.086535622063927
13.629999999999997	-3.0586477568687314
13.639999999999997	-1.7910108416838315
13.649999999999997	-0.2752777019463352
13.659999999999998	1.4895158306090892
13.669999999999998	3.4959447401437145
13.679999999999998	5.7274870400994455
13.689999999999998	8.158178725717017
13.699999999999998	10.752682186665558
13.709999999999997	13.466800729314821
13.719999999999997	16.24844998748289
13.729999999999997	19.03907234946648
13.739999999999998	21.77545445434793
13.749999999999998	24.391881933448353
13.759999999999998	26.82254167420069
13.769999999999998	29.004061772260933
13.779999999999998	30.878064702730104
13.789999999999997	32.39360150291952
13.799999999999997	33.50933492908415
13.809999999999997	34.19534811764026
13.819999999999997	34.434472138307065
13.829999999999998	34.223050233944775
13.839999999999998	33.57108715430163
13.849999999999998	32.50176693152408
13.859999999999998	31.050359430429808
13.869999999999997	29.262572510684215
13.879999999999997	27.192440086645178
13.889999999999997	24.89986434449711
13.899999999999997	22.447950809593127
13.909999999999998	19.90028631201214
13.919999999999998	17.31831130035305
13.929999999999998	14.758929272951448
13.939999999999998	12.272477968314181
13.949999999999998	9.901160741980695
13.959999999999997	7.67800423324413
13.969999999999997	5.626372431054393
13.979999999999997	3.7600302862162587
13.989999999999997	2.0837148316818923
13.999999999999998	0.594140927834495
14.009999999999998	-0.7186555810606383
14.019999999999998	-1.8697507194224585
14.029999999999998	-2.877661821744033
14.039999999999997	-3.762692084625122
14.049999999999997	-4.545398054187805
14.059999999999997	-5.2452697983077385
14.069999999999997	-5.87968987729267
14.079999999999998	-6.463210233228533
14.089999999999998	-7.0071581533085645
14.099999999999998	-7.51955588224051
14.109999999999998	-8.005315384561456
14.119999999999997	-8.466651897868324
14.129999999999997	-8.903648433029867
14.139999999999997	-9.314898798972477
14.149999999999997	-9.698158940047946
14.159999999999998	-10.050944647257753
14.169999999999998	-10.371026802328219
14.179999999999998	-10.65679162609818
14.189999999999998	-10.907451119839537
14.199999999999998	-11.123106183273967
14.209999999999997	-11.304680100887966
14.219999999999997	-11.453751859957617
14.229999999999997	-11.572326184989373
14.239999999999997	-11.662579833290916
14.249999999999998	-11.726621703944897
14.259999999999998	-11.766298258236054
14.269999999999998	-11.783066620162613
14.279999999999998	-11.777946779617864
14.289999999999997	-11.751552940924794
14.299999999999997	-11.704193596771564
14.309999999999997	-11.636021534810695
14.319999999999997	-11.547209572366743
14.329999999999998	-11.43812584743886
14.339999999999998	-11.309484026595689
14.349999999999998	-11.162448456938995
14.359999999999998	-10.998681358715178
14.369999999999997	-10.820327625367042
14.379999999999997	-10.62994152031418
14.389999999999997	-10.43036737893137
14.399999999999997	-10.224592316030975
14.409999999999997	-10.015592133880448
14.419999999999998	-9.806191700500683
14.429999999999998	-9.59895799921167
14.439999999999998	-9.396138219944792
14.449999999999998	-9.19964741679942
14.459999999999997	-9.011101420490776
14.469999999999997	-8.831882056121223
14.479999999999997	-8.66321448543252
14.489999999999997	-8.506231754364874
14.499999999999998	-8.362000209021346
14.509999999999998	-8.231481806033017
14.519999999999998	-8.115415508384695
14.529999999999998	-8.01410948448334
14.539999999999997	-7.927147841685794
14.549999999999997	-7.8530288934524535
14.559999999999997	-7.788765012233734
14.569999999999997	-7.729485402135694
14.579999999999998	-7.6680911606082365
14.589999999999998	-7.595015556547365
14.599999999999998	-7.498140694528919
14.609999999999998	-7.362914325274699
14.619999999999997	-7.1726977306381245
14.629999999999997	-6.9093581604224115
14.639999999999997	-6.554098553328324
14.649999999999997	-6.088494976360259
14.659999999999997	-5.495690370817453
14.669999999999998	-4.761673882658295
14.679999999999998	-3.8765602450323446
14.689999999999998	-2.835775021848109
14.699999999999998	-1.6410501801283537
14.709999999999997	-0.3011409894319422
14.719999999999997	1.1678104844076118
14.729999999999997	2.7423188478371263
14.739999999999997	4.392032758568168
14.749999999999998	6.08064312479396
14.759999999999998	7.767187928916297
14.769999999999998	9.407689826494607
14.779999999999998	10.957036923654648
14.789999999999997	12.370997465695632
14.799999999999997	13.608247268540394
14.809999999999997	14.632285653917004
14.819999999999997	15.413121740965478
14.829999999999997	15.928627773038174
14.839999999999998	16.165478566451295
14.849999999999998	16.119624382386668
14.859999999999998	15.796276301817871
14.869999999999997	15.20941601372335
14.879999999999997	14.38087324486694
14.889999999999997	13.339041469697339
14.899999999999997	12.117324016700318
14.909999999999997	10.752416743986887
14.919999999999998	9.282539253180504
14.929999999999998	7.7457240116807275
14.939999999999998	6.178262317367252
14.949999999999998	4.613388946661615
14.959999999999997	3.0802652531412007
14.969999999999997	1.6032954380681774
14.979999999999997	0.20178484815981457
14.989999999999997	-1.110075428486114
14.999999999999998	-2.322934829084162
15.009999999999998	-3.431774396156196
15.019999999999998	-4.435227771816362
15.029999999999998	-5.334802269898098
15.039999999999997	-6.134069270777768
15.049999999999997	-6.837886897934094
15.059999999999997	-7.4517073130921885
15.069999999999997	-7.981007330952379
15.079999999999997	-8.430865875828784
15.089999999999998	-8.805696551857778
15.099999999999998	-9.109129609122641
15.109999999999998	-9.344025941984002
15.119999999999997	-9.512597203159427
15.129999999999997	-9.616601034760139
15.139999999999997	-9.657578809538764
15.149999999999997	-9.637104810749248
15.159999999999997	-9.55701985988513
15.169999999999998	-9.41962825560511
15.179999999999998	-9.227843667824628
15.189999999999998	-8.985276517368419
15.199999999999998	-8.696261655647385
15.209999999999997	-8.365830311050965
15.219999999999997	-7.999633976608686
15.229999999999997	-7.603830090186392
15.239999999999997	-7.184940123044631
15.249999999999996	-6.749690325860692
15.259999999999998	-6.304844265126028
15.269999999999998	-5.857034831061701
15.279999999999998	-5.412601989254286
15.289999999999997	-4.977441467807285
15.299999999999997	-4.556868973234824
15.309999999999997	-4.155504415109699
15.319999999999997	-3.7771808519906216
15.329999999999997	-3.4248831959541146
15.339999999999998	-3.1007218104484795
15.349999999999998	-2.8059456793202977
15.359999999999998	-2.54099854198433
15.369999999999997	-2.305619120948116
15.379999999999997	-2.0989833081800047
15.389999999999997	-1.9198820985362577
15.399999999999997	-1.7669245098195125
15.409999999999997	-1.6387502067097592
15.419999999999998	-1.5342326445250445
15.429999999999998	-1.452650892518322
15.439999999999998	-1.3938074592357639
15.449999999999998	-1.3580708678867663
15.459999999999997	-1.3463256588901178
15.469999999999997	-1.359818914568104
15.479999999999997	-1.399901007439349
15.489999999999997	-1.4676684862734701
15.499999999999996	-1.563528002733417
15.509999999999998	-1.6867109332239965
15.519999999999998	-1.834777760735309
15.529999999999998	-2.0031582609972403
15.539999999999997	-2.184777126805925
15.549999999999997	-2.3698141430818707
15.559999999999997	-2.545643002225093
15.569999999999997	-2.6969833281564624
15.579999999999997	-2.8062868847108744
15.589999999999998	-2.8543621184267165
15.599999999999998	-2.821222325955305
15.609999999999998	-2.687123311715083
15.619999999999997	-2.433738032609372
15.629999999999997	-2.04540004589187
15.639999999999997	-1.5103360809266904
15.649999999999997	-0.8218019677359096
15.659999999999997	0.020963698764664494
15.669999999999998	1.012047058432243
15.679999999999998	2.1384934435442413
15.689999999999998	3.3803158262282054
15.699999999999998	4.710901086840158
15.709999999999997	6.0978119166993245
15.719999999999997	7.503955232508255
15.729999999999997	8.889062150671881
15.739999999999997	10.211401834904704
15.749999999999996	11.429633676224467
15.759999999999998	12.50469072791347
15.769999999999998	13.401583067629426
15.779999999999998	14.091013212338453
15.789999999999997	14.550706699884678
15.799999999999997	14.766378728900994
15.809999999999997	14.732281054004087
15.819999999999997	14.451300485459297
15.829999999999997	13.934609375755983
15.839999999999998	13.200897291893757
15.849999999999998	12.275239604280362
15.859999999999998	11.187681091835076
15.869999999999997	9.971629317878966
15.879999999999997	8.662162363742725
15.889999999999997	7.294357925603592
15.899999999999997	5.901745746571277
15.909999999999997	4.514973377334811
15.919999999999996	3.1607573379362046
15.929999999999998	1.8611693051550027
15.939999999999998	0.6332816875387035
15.949999999999998	-0.5108292479687696
15.959999999999997	-1.5637497636918511
15.969999999999997	-2.5221140908066957
15.979999999999997	-3.385776622485589
15.989999999999997	-4.15685121518243
15.999999999999996	-4.838704315197484
16.009999999999998	-5.434988390428833
16.02	-5.948795481868304
16.029999999999998	-6.381998226068529
16.04	-6.734828472787986
16.049999999999997	-7.005722988928573
16.06	-7.191443279982283
16.069999999999997	-7.287453959543435
16.08	-7.288523028687272
16.09	-7.189489431717864
16.099999999999998	-6.986129636363751
16.11	-6.676046720122287
16.119999999999997	-6.259503110373462
16.13	-5.74012186966402
16.14	-5.12539094078053
16.15	-4.426919347363905
16.16	-3.6604128911758114
16.169999999999998	-2.845358007925787
16.18	-2.00442455488595
16.189999999999998	-1.162619738485616
16.2	-0.3462445216001116
16.209999999999997	0.4182807876842038
16.22	1.1056446649667628
16.23	1.6928445059935955
16.24	2.1602786331070387
16.25	2.492657707693462
16.259999999999998	2.6796763039569567
16.27	2.716403168634217
16.279999999999998	2.603369643882616
16.29	2.3463582296505483
16.3	1.9559155251267244
16.31	1.4466340287908486
16.32	0.8362638447318498
16.33	0.14472686728358725
16.34	-0.6068884804334379
16.349999999999998	-1.3972748885799158
16.36	-2.2057265987095898
16.369999999999997	-3.012776418293018
16.38	-3.8006112478594583
16.39	-4.553249485376185
16.4	-5.256486549803225
16.41	-5.897637111756683
16.419999999999998	-6.46512246349235
16.43	-6.9479670120461625
16.439999999999998	-7.335277685275709
16.45	-7.615783118705323
16.459999999999997	-7.777505425660984
16.47	-7.807626343074759
16.48	-7.6925923997888646
16.49	-7.41848183554559
16.5	-6.971631115469103
16.509999999999998	-6.339493143273102
16.52	-5.511674904447464
16.529999999999998	-4.481081426846145
16.54	-3.2450775318790614
16.549999999999997	-1.806570341122047
16.56	-0.17491481764410174
16.57	1.6334479699929636
16.58	3.5946950768663197
16.59	5.677721893504208
16.599999999999998	7.844665099189345
16.61	10.051845441065984
16.619999999999997	12.251097129688809
16.63	14.391422123363645
16.64	16.4208830939672
16.65	18.28863036909145
16.66	19.94694709028194
16.669999999999998	21.353194074409178
16.68	22.47154160515803
16.689999999999998	23.274389125351835
16.7	23.743394428452007
16.709999999999997	23.870059808698148
16.72	23.655851688004052
16.73	23.11186024658796
16.74	22.2580342741387
16.75	21.122051724440734
16.759999999999998	19.73790652710196
16.77	18.144305781949992
16.779999999999998	16.382977791662555
16.79	14.49699033457328
16.799999999999997	12.529170591347766
16.81	10.520704194841773
16.82	8.50997237695217
16.83	6.531664835092965
16.84	4.616183566203617
16.849999999999998	2.7893313271337634
16.86	1.0722592140252811
16.869999999999997	-0.5183675522102092
16.88	-1.9700372488451616
16.89	-3.2739498018465385
16.9	-4.424522862322147
16.91	-5.418898670361406
16.919999999999998	-6.256495998879591
16.93	-6.938639936938532
16.939999999999998	-7.4682890156283275
16.95	-7.849865496621921
16.959999999999997	-8.089181771205855
16.97	-8.193444832254787
16.98	-8.171312517658015
16.99	-8.032970219741912
17.0	-7.790195229339529
17.009999999999998	-7.45637773775497
17.02	-7.046472373051281
17.029999999999998	-6.576861385962172
17.04	-6.065119449929053
17.049999999999997	-5.529679638436131
17.06	-4.989409622136638
17.07	-4.463115683648549
17.08	-3.968999099529023
17.09	-3.524094277458861
17.099999999999998	-3.1437204511673964
17.11	-2.8409786238633017
17.119999999999997	-2.62632291261438
17.13	-2.507230761572918
17.14	-2.4879900893770417
17.15	-2.569613851157207
17.16	-2.7498843266542727
17.169999999999998	-3.023521308843347
17.18	-3.382460852302392
17.189999999999998	-3.816224873440594
17.2	-4.312357105424665
17.209999999999997	-4.856898007916352
17.22	-5.434870386453004
17.23	-6.030748712855343
17.24	-6.6288883342078035
17.25	-7.213895652573669
17.259999999999998	-7.770926566551016
17.27	-8.285907505018644
17.279999999999998	-8.745680699144895
17.29	-9.138082343251275
17.299999999999997	-9.451968406972243
17.31	-9.677207547895145
17.32	-9.804663394397421
17.33	-9.826189112430066
17.34	-9.734655490853863
17.349999999999998	-9.524029817699745
17.36	-9.189516811506783
17.369999999999997	-8.727765246687893
17.38	-8.137135269129674
17.389999999999997	-7.418012469438033
17.4	-6.573146376742452
17.41	-5.60798397995014
17.419999999999998	-4.53096394155504
17.43	-3.353734975852102
17.439999999999998	-2.091262853864051
17.45	-0.7617948526463809
17.459999999999997	0.6133419218902786
17.47	2.0101214528414224
17.48	3.4023794808096812
17.49	4.762540622705841
17.5	6.0624847400541135
17.509999999999998	7.274512565597813
17.52	8.37236009630908
17.529999999999998	9.332204099433232
17.54	10.133598071085693
17.549999999999997	10.76027962576694
17.56	11.20079668491789
17.57	11.44891066058404
17.58	11.503749373463961
17.59	11.369699616112364
17.599999999999998	11.05604770419894
17.61	10.576394516939054
17.619999999999997	9.947887845702196
17.63	9.190327893146394
17.639999999999997	8.32521029139609
17.65	7.374774206964393
17.66	6.361120605529603
17.669999999999998	5.30545770682261
17.68	4.2275177286868395
17.689999999999998	3.1451723266673937
17.7	2.0742551812869863
17.709999999999997	1.0285807100916617
17.72	0.020129706564408597
17.73	-0.9406424374317863
17.74	-1.8444299157522923
17.75	-2.6826931748507166
17.759999999999998	-3.44732712279559
17.77	-4.13043286035213
17.779999999999998	-4.7242324040442805
17.79	-5.221149104841601
17.799999999999997	-5.614057056468995
17.81	-5.896682637070939
17.82	-6.064122448742401
17.83	-6.113426236635759
17.84	-6.044182530894091
17.849999999999998	-5.859039963449103
17.86	-5.5640990983846645
17.869999999999997	-5.1691181641641055
17.88	-4.687490617009068
17.889999999999997	-4.135971722464028
17.9	-3.534153552960748
17.91	-2.9037108745685463
17.919999999999998	-2.267462122165492
17.93	-1.6483079146494097
17.939999999999998	-1.0681225156235237
17.95	-0.5466799583341972
17.959999999999997	-0.10069550669422878
17.97	0.2569453012164729
17.98	0.5177128893235599
17.99	0.6776784627523487
18.0	0.7374646051890433
18.009999999999998	0.7019139559533093
18.02	0.5795122138636692
18.029999999999998	0.381622215541328
18.04	0.12160092305791233
18.049999999999997	-0.18612062707779048
18.06	-0.5269138126789958
18.07	-0.8867119258157617
18.08	-1.2525934556325367
18.09	-1.6131497565510493
18.099999999999998	-1.9586212155394802
18.11	-2.280810898184322
18.119999999999997	-2.5728084011491625
18.13	-2.828576889646007
18.139999999999997	-3.042471003158295
18.15	-3.208760954273679
18.16	-3.3212378936013773
18.169999999999998	-3.3729674107989025
18.18	-3.3562426147386817
18.189999999999998	-3.2627670313812804
18.2	-3.0840726064401847
18.209999999999997	-2.8121518222347217
18.22	-2.4402579130878723
18.23	-1.9638058791660256
18.24	-1.381291610760621
18.25	-0.6951385578918793
18.259999999999998	0.08761807197366027
18.27	0.9548905091199135
18.279999999999998	1.8894049693273458
18.29	2.868916114730693
18.299999999999997	3.866782190481958
18.31	4.852883862777551
18.32	5.794840756989669
18.33	6.659453970736377
18.34	7.4142827104414835
18.349999999999998	8.029250457624991
18.36	8.478171829440337
18.369999999999997	8.74009590713838
18.38	8.800374826635563
18.389999999999997	8.65138667801684
18.4	8.292867446027994
18.41	7.7318355957139815
18.419999999999998	6.982122487676275
18.43	6.0635496141402205
18.439999999999998	5.0008174201807325
18.45	3.8221883742431517
18.459999999999997	2.5580577127005215
18.47	1.2395083080786322
18.479999999999997	-0.10305849750567313
18.49	-1.4411357281773869
18.5	-2.749103927918193
18.509999999999998	-4.004962084909447
18.52	-5.190776389182097
18.529999999999998	-6.2928492734016865
18.54	-7.301631471224023
18.549999999999997	-8.211416443247296
18.56	-9.019868342501042
18.57	-9.727441114420454
18.58	-10.336747287722305
18.59	-10.851930960187875
18.599999999999998	-11.278091294546215
18.61	-11.62079170270454
18.619999999999997	-11.885677167999356
18.63	-12.078209209356956
18.639999999999997	-12.203516078695227
18.65	-12.266345911386592
18.66	-12.27110340010103
18.669999999999998	-12.221946446629183
18.68	-12.12291810849735
18.689999999999998	-11.978090616975484
18.7	-11.791701672789365
18.709999999999997	-11.568267851272568
18.72	-11.31266496027011
18.729999999999997	-11.030169854874398
18.74	-10.726461950525362
18.75	-10.407585147303505
18.759999999999998	-10.079872001683471
18.77	-9.749831931903115
18.779999999999998	-9.424004409627893
18.79	-9.108777010463752
18.799999999999997	-8.810167463163895
18.81	-8.533569005975234
18.82	-8.283459849117593
18.83	-8.063080565686677
18.84	-7.874087740257673
18.849999999999998	-7.7161978699366305
18.86	-7.586841755662976
18.869999999999997	-7.480855661339899
18.88	-7.390240459612816
18.889999999999997	-7.304022922355701
18.9	-7.208253453982266
18.91	-7.086171325827594
18.919999999999998	-6.918561577731654
18.93	-6.684317307666278
18.939999999999998	-6.361207567053946
18.95	-5.926835392394093
18.959999999999997	-5.359753825646224
18.97	-4.640691519990171
18.979999999999997	-3.753825201265468
18.99	-2.6880253156299307
19.0	-1.4379949013886892
19.009999999999998	-0.005221007879821181
19.02	1.6013366601832508
19.029999999999998	3.364883781624248
19.04	5.2608031213517235
19.049999999999997	7.257065476378224
19.06	9.315041041694034
19.07	11.390686743272383
19.08	13.436060167650341
19.09	15.40108844041454
19.099999999999998	17.23550252365556
19.11	18.89083533922412
19.119999999999997	20.322376848993912
19.13	21.490981163544905
19.139999999999997	22.36462975750843
19.15	22.91967023238116
19.16	23.14167057793133
19.169999999999998	23.025852945441112
19.18	22.577096717021412
19.189999999999998	21.809526206199564
19.2	20.745721805436283
19.209999999999997	19.4156131876678
19.22	17.855128012808848
19.229999999999997	16.10467867978266
19.24	14.20757269317771
19.25	12.208429375784418
19.259999999999998	10.151677606193903
19.27	8.080197021849283
19.279999999999998	6.0341499923580795
19.29	4.0500350582520825
19.299999999999997	2.159975867848216
19.31	0.3912442229160102
19.319999999999997	-1.233997276593475
19.33	-2.698757565886107
19.34	-3.991115616432701
19.349999999999998	-5.103989405348527
19.36	-6.034809539246146
19.369999999999997	-6.7851289201883835
19.38	-7.360195082003289
19.389999999999997	-7.7685059187004395
19.4	-8.021363283602106
19.41	-8.13243308098847
19.419999999999998	-8.117315570336636
19.43	-7.993126027626105
19.439999999999998	-7.778083815216847
19.45	-7.491107252649761
19.459999999999997	-7.151412233828788
19.47	-6.7781139571187605
19.479999999999997	-6.3898330173130775
19.49	-6.0043090457619765
19.5	-5.638026727829075
19.509999999999998	-5.305860127189768
19.52	-5.0207416843412265
19.529999999999998	-4.793362046905815
19.54	-4.631906168126552
19.549999999999997	-4.5418301043258245
19.56	-4.5256819259554275
19.569999999999997	-4.582969401198956
19.58	-4.710076834301157
19.59	-4.900233766549395
19.599999999999998	-5.143539176099523
19.61	-5.42704620842798
19.619999999999997	-5.734914069799133
19.63	-6.0486351593661425
19.639999999999997	-6.3473463822212715
19.65	-6.608233454577535
19.66	-6.807035519317272
19.669999999999998	-6.918654285948271
19.68	-6.917867106347546
19.689999999999998	-6.780137003600986
19.7	-6.482504998678443
19.709999999999997	-6.0045416363519
19.72	-5.329326066203015
19.729999999999997	-4.444413162163564
19.74	-3.342742777524529
19.75	-2.0234411039333926
19.759999999999998	-0.49246288518695797
19.77	1.2369746088317835
19.779999999999998	3.144209202508874
19.79	5.201237128411
19.799999999999997	7.373123729472573
19.81	9.618728335195676
19.819999999999997	11.891733566105504
19.83	14.141952221890394
19.84	16.316868389143316
19.849999999999998	18.363354612378416
19.86	20.229494963508184
19.869999999999997	21.86643550055732
19.88	23.230179559121034
19.889999999999997	24.283245905564016
19.9	24.99611301250287
19.91	25.34838228627336
19.919999999999998	25.329606380769086
19.93	24.939744926007243
19.939999999999998	24.189228061543027
19.95	23.098626977070822
19.959999999999997	21.69794909664124
19.97	20.025592540142508
19.979999999999997	18.12700913925646
19.99	16.05313685649177
20.0	13.858670473268637
