0.69999999	-0.86470836
0.70700002	-0.86950636
0.71399999	-0.85623568
0.72100002	-0.86250883
0.72799999	-0.84294999
0.73500001	-0.85750169
0.74199998	-0.85195041
0.74900001	-0.85933393
0.75599998	-0.86800337
0.76300001	-0.86828715
0.76999998	-0.85298228
0.77700001	-0.85878927
0.78399998	-0.86155474
0.79100001	-0.85446155
0.79799998	-0.86415082
0.80500001	-0.86712039
0.81199998	-0.86261749
0.81900001	-0.8655141
0.82599998	-0.86469907
0.833	-0.87327635
0.83999997	-0.86104161
0.847	-0.86090547
0.85399997	-0.87574524
0.861	-0.88373059
0.86799997	-0.87543201
0.875	-0.87174106
0.88200003	-0.86305618
0.889	-0.86461294
0.89600003	-0.87471604
0.903	-0.87106997
0.91000003	-0.86223155
0.917	-0.86567664
0.92400002	-0.86712027
0.93099999	-0.87601954
0.93800002	-0.8763752
0.94499999	-0.86414915
0.95200002	-0.8567993
0.95899999	-0.86990339
0.96600002	-0.87183505
0.97299999	-0.87360531
0.98000002	-0.87645835
0.98699999	-0.87838513
1.008	-0.87408412
1.015	-0.87568355
1.022	-0.87314355
1.029	-0.88203996
1.036	-0.88409805
1.043	-0.87647539
1.05	-0.87163019
1.057	-0.87668955
1.064	-0.87510425
1.071	-0.87283289
1.0779999	-0.87991178
1.085	-0.88067377
1.092	-0.86617589
1.099	-0.88668162
1.1059999	-0.86516219
1.113	-0.87919503
1.12	-0.87089998
1.127	-0.86692017
1.1339999	-0.88002974
1.141	-0.87675947
1.148	-0.87778348
1.155	-0.87868524
1.1619999	-0.86663711
1.169	-0.86415231
1.176	-0.85837871
1.183	-0.86729932
1.1900001	-0.87211978
1.197	-0.89167422
1.204	-0.87609947
1.211	-0.88041735
1.2180001	-0.88714564
1.225	-0.88000631
1.232	-0.87843221
1.239	-0.88688821
1.2460001	-0.88225621
1.253	-0.88039225
1.26	-0.88286686
1.267	-0.8859899
1.274	-0.88751632
1.281	-0.88017505
1.288	-0.87375158
1.295	-0.8778702
1.302	-0.88571161
1.309	-0.8950904
1.316	-0.88118064
1.323	-0.87358463
1.33	-0.88066512
1.337	-0.88729692
1.344	-0.87445462
1.351	-0.88366115
1.358	-0.89210993
1.365	-0.88541627
1.372	-0.88737345
1.3789999	-0.89181614
1.386	-0.89894253
1.393	-0.89721525
1.4	-0.89918202
1.4069999	-0.89088655
1.414	-0.88918835
1.421	-0.89846265
1.428	-0.90986747
1.4349999	-0.90367252
1.442	-0.89005363
1.449	-0.90319091
1.456	-0.90496069
1.4630001	-0.90195638
1.47	-0.90106112
1.477	-0.91192812
1.484	-0.90242195
1.4910001	-0.90913445
1.498	-0.90732235
1.505	-0.9051317
1.512	-0.90519267
1.5190001	-0.90801555
1.526	-0.89623588
1.533	-0.90300876
1.561	-0.90202439
1.568	-0.9043082
1.575	-0.91381538
1.582	-0.90638542
1.589	-0.90680641
1.596	-0.90068948
1.603	-0.89012104
1.61	-0.89814633
1.617	-0.8973372
1.624	-0.90542579
1.631	-0.91043532
1.638	-0.89929521
1.645	-0.90694636
1.652	-0.91412723
1.659	-0.90910244
1.666	-0.90093929
1.673	-0.8980974
1.6799999	-0.89571649
1.687	-0.89564168
1.694	-0.8953768
1.701	-0.88905072
1.7079999	-0.90092641
1.715	-0.88576132
1.722	-0.87526715
1.729	-0.88444149
1.7359999	-0.8895973
1.743	-0.89209139
1.75	-0.88399959
1.757	-0.87586844
1.7640001	-0.8757562
1.771	-0.88319659
1.778	-0.86574978
1.785	-0.86993515
1.7920001	-0.87274235
1.799	-0.85278285
1.806	-0.85135502
1.813	-0.84914732
1.8200001	-0.84370017
1.827	-0.83363616
1.834	-0.80972385
1.841	-0.78196967
1.848	-0.75951177
1.855	-0.71811819
1.862	-0.66478944
1.869	-0.61507446
1.876	-0.55930495
1.883	-0.51234514
1.89	-0.45594993
1.897	-0.37583509
1.904	-0.29627705
1.911	-0.23361234
1.918	-0.15829742
1.925	-0.081557676
1.932	0.012449081
1.939	0.14130859
1.946	0.30118284
1.9529999	0.5466789
1.96	0.93475068
1.967	1.5825894
1.974	2.7801518
1.9809999	5.1105266
1.988	10.097287
1.995	20.24124
2.0020001	38.083931
2.0090001	55.804104
2.016	49.684441
2.023	25.556812
2.03	10.403612
2.0369999	4.6773453
2.0439999	2.198046
2.0510001	1.0118935
2.0580001	0.38201675
2.0650001	0.002493972
2.072	-0.24456118
2.079	-0.40545094
2.086	-0.52848536
2.0929999	-0.60274863
2.0999999	-0.6573838
2.1070001	-0.69497919
2.1140001	-0.73616946
2.1210001	-0.75931615
2.128	-0.78243595
2.135	-0.79684228
2.142	-0.80226332
2.1489999	-0.82042289
2.1559999	-0.80998003
2.1630001	-0.80493003
2.1700001	-0.81662351
2.177	-0.80092633
2.184	-0.79038495
2.191	-0.77272099
2.198	-0.7636531
2.2049999	-0.74713546
2.2119999	-0.73391485
2.2190001	-0.71986496
2.2260001	-0.695005
2.233	-0.6694653
2.24	-0.64522016
2.247	-0.6205768
2.2539999	-0.56539214
2.2609999	-0.50884092
2.2679999	-0.43613482
2.2750001	-0.28198048
2.2820001	-0.019146608
2.289	0.49428803
2.296	1.5448339
2.303	3.774951
2.3099999	8.1179237
2.3169999	13.905759
2.3239999	15.38746
2.3310001	9.72328
2.3380001	3.9757037
2.345	1.3282133
2.352	0.25561538
2.359	-0.229698
2.3659999	-0.48096529
2.3729999	-0.62064779
2.3800001	-0.70180285
2.3870001	-0.76145822
2.3940001	-0.80207086
2.401	-0.83248252
2.408	-0.8596527
2.415	-0.86537397
2.4219999	-0.88278419
2.4289999	-0.881935
2.4360001	-0.88348752
2.4430001	-0.88719481
2.45	-0.90209419
2.457	-0.91620427
2.464	-0.92479217
2.471	-0.92555833
2.4779999	-0.92904127
2.4849999	-0.92402446
2.4920001	-0.92539561
2.4990001	-0.91821474
2.506	-0.93223226
2.513	-0.94595361
2.52	-0.93235868
2.527	-0.94552213
2.5339999	-0.94610828
2.5409999	-0.9444381
2.5480001	-0.94722509
2.5550001	-0.95028025
2.562	-0.94295847
2.569	-0.93539685
2.576	-0.94124568
2.5829999	-0.94085675
2.5899999	-0.94109553
2.5969999	-0.93268311
2.6040001	-0.93299037
2.6110001	-0.93807638
2.618	-0.95327383
2.625	-0.95547402
2.632	-0.94460195
2.6389999	-0.93857622
2.6459999	-0.93376887
2.6530001	-0.93371767
2.6600001	-0.94203216
2.6670001	-0.94802612
2.674	-0.94313544
2.681	-0.94788861
2.688	-0.95671546
2.6949999	-0.9565053
2.7019999	-0.94928443
2.7090001	-0.94829023
2.7160001	-0.94468105
2.723	-0.95218271
2.73	-0.95268291
2.737	-0.96926087
2.744	-0.96282071
2.7509999	-0.95989239
2.7579999	-0.96153325
2.7650001	-0.95737505
2.7720001	-0.95947427
2.779	-0.95980936
2.786	-0.95518309
2.793	-0.95040286
2.8	-0.94857877
2.8069999	-0.94597858
2.8139999	-0.94008058
2.8210001	-0.93891865
2.8280001	-0.94789904
2.835	-0.95030206
2.842	-0.94573736
2.849	-0.94369316
2.8559999	-0.947671
2.8629999	-0.94111335
2.8699999	-0.94430888
2.8770001	-0.94811797
2.8840001	-0.95055515
2.891	-0.9448728
2.898	-0.94279498
2.905	-0.93419302
2.9119999	-0.93346298
2.9189999	-0.93666297
2.9260001	-0.93340057
2.9330001	-0.94571751
2.9400001	-0.94996965
2.947	-0.93857843
2.954	-0.95509136
2.961	-0.94754279
2.9679999	-0.94266272
2.9749999	-0.93365222
2.9820001	-0.93268269
2.9890001	-0.93348068
2.9960001	-0.93406302
3.003	-0.93601125
3.01	-0.93662471
3.017	-0.93351513
3.0239999	-0.92575204
3.0309999	-0.92665088
3.0380001	-0.92703599
3.0450001	-0.92845732
3.052	-0.91747469
3.059	-0.91784042
3.066	-0.91333377
3.073	-0.89233148
3.0799999	-0.89731824
3.0869999	-0.89950043
3.0940001	-0.895428
3.1010001	-0.86955065
3.108	-0.85241354
3.115	-0.82710385
3.122	-0.79610765
3.1289999	-0.7560885
3.1359999	-0.71156138
3.1429999	-0.66834402
3.1500001	-0.62639701
3.1570001	-0.5638063
3.164	-0.50140029
3.171	-0.45082429
3.178	-0.38036844
3.1849999	-0.31771353
3.1919999	-0.24297334
3.1989999	-0.16641256
3.2060001	-0.072865158
3.2130001	0.060099896
3.22	0.23790459
3.227	0.48060098
3.234	0.87331104
3.2409999	1.5483165
3.2479999	2.787293
3.2550001	5.3449368
3.2620001	10.67938
3.2690001	22.149651
3.276	41.571705
3.283	53.972942
3.29	35.939312
3.2969999	15.285398
3.3039999	6.4433122
3.3110001	2.9611225
3.3180001	1.3814064
3.325	0.56212103
3.332	0.10947013
3.339	-0.18029302
3.346	-0.37849671
3.3529999	-0.50831801
3.3599999	-0.6031096
3.3670001	-0.67107207
3.3740001	-0.72346008
3.381	-0.75374079
3.388	-0.79209149
3.395	-0.81427246
3.402	-0.83872688
3.4089999	-0.86119348
3.4159999	-0.85976446
3.4230001	-0.86796325
3.4300001	-0.8644017
3.437	-0.87777853
3.444	-0.88851011
3.451	-0.88585812
3.4579999	-0.89648283
3.4649999	-0.898911
3.4719999	-0.90656209
3.4790001	-0.91280979
3.4860001	-0.92196429
3.493	-0.92234647
3.5	-0.92706156
3.507	-0.92228276
3.5139999	-0.92324305
3.5209999	-0.91801333
3.5280001	-0.92551512
3.5350001	-0.92359364
3.5420001	-0.91877657
3.549	-0.90969819
3.556	-0.92253894
3.563	-0.92965478
3.5699999	-0.93405992
3.5769999	-0.9228785
3.5840001	-0.91744512
3.5910001	-0.92195541
3.598	-0.9238534
3.605	-0.92391336
3.612	-0.91267693
3.619	-0.90382034
3.6259999	-0.91412884
3.6329999	-0.90601653
3.6400001	-0.90983289
3.6470001	-0.8826319
3.654	-0.88625848
3.661	-0.88645893
3.668	-0.88056898
3.675	-0.86464322
3.6819999	-0.83075565
3.6889999	-0.80685544
3.6960001	-0.76318091
3.7030001	-0.71709651
3.71	-0.67994934
3.717	-0.62715971
3.724	-0.58409429
3.7309999	-0.5275746
3.7379999	-0.44616374
3.7449999	-0.38841066
3.7520001	-0.32239181
3.7590001	-0.25014997
3.766	-0.16926882
3.773	-0.068801396
3.78	0.05414452
3.7869999	0.22932392
3.7939999	0.47110981
3.8010001	0.85121965
3.8080001	1.546253
3.8150001	2.8621798
3.822	5.4572115
3.829	10.927691
3.836	22.754494
3.8429999	42.785786
3.8499999	52.751686
3.8570001	31.9375
3.8640001	13.082379
3.8710001	5.7797828
3.878	2.6757994
3.885	1.2561377
3.892	0.52196318
3.8989999	0.10224298
3.9059999	-0.16494511
3.9130001	-0.3448641
3.9200001	-0.44763124
3.927	-0.53150833
3.934	-0.56496429
3.941	-0.60409671
3.948	-0.63405293
3.9549999	-0.62433028
3.9619999	-0.62214178
3.9690001	-0.57812953
3.9760001	-0.47692552
3.983	-0.31127933
3.99	0.062555581
3.997	0.84362376
4.0040002	2.4987051
4.0110002	5.6797142
4.0180001	8.8083487
4.0250001	7.4282994
4.0320001	3.2980049
4.039	0.9193809
4.046	-0.019510876
4.053	-0.43562645
4.0599999	-0.6446448
4.0669999	-0.75267297
4.0739999	-0.82223558
4.0809999	-0.86059076
4.0879998	-0.88672078
4.0949998	-0.92456949
4.1020002	-0.94790846
4.1090002	-0.95828527
4.1160002	-0.97373927
4.1230001	-0.97783005
4.1300001	-0.98875844
4.1370001	-0.99241245
4.1440001	-0.98149467
4.151	-0.990834
4.158	-1.0061306
4.165	-1.0153883
4.1719999	-1.0138744
4.1789999	-1.0074635
4.1859999	-1.0261958
4.1929998	-1.0218723
4.1999998	-1.0241344
4.2069998	-1.021888
4.2140002	-1.0252737
4.2210002	-1.0374767
4.2280002	-1.0312812
4.2350001	-1.028546
4.2420001	-1.0400704
4.2490001	-1.0302826
4.256	-1.0407748
4.263	-1.0411451
4.27	-1.0469738
4.277	-1.043213
4.2839999	-1.0321785
4.2909999	-1.0298905
4.2979999	-1.0299264
4.3049998	-1.0354313
4.3119998	-1.0431459
4.3189998	-1.0392687
4.3260002	-1.0373566
4.3330002	-1.030201
4.3400002	-1.0339917
4.3470001	-1.0397111
4.3540001	-1.0358829
4.3610001	-1.0498801
4.368	-1.0424119
4.375	-1.0307162
4.382	-1.0460519
4.3889999	-1.0299811
4.3959999	-1.0609664
4.4029999	-1.0586323
4.4099998	-1.0418477
4.4169998	-1.0346795
4.4239998	-1.0294604
4.4310002	-1.0308925
4.4380002	-1.0378178
4.4450002	-1.0360502
4.4520001	-1.0291915
4.4590001	-1.033597
4.4660001	-1.0337341
4.473	-1.0241081
4.48	-1.0242518
4.487	-1.0090256
4.494	-0.99482781
4.5009999	-0.97816843
4.5079999	-0.9567371
4.5149999	-0.94988245
4.5219998	-0.94839317
4.5289998	-0.92915255
4.5359998	-0.91850376
4.5430002	-0.9042086
4.5500002	-0.87256938
4.5570002	-0.86424851
4.5640001	-0.84539282
4.5710001	-0.80806124
4.5780001	-0.7632398
4.585	-0.71016908
4.592	-0.62397057
4.599	-0.46445552
4.6059999	-0.23065974
4.6129999	0.30478218
4.6199999	1.3917561
4.6269999	3.9001877
4.6339998	8.2981567
4.6409998	12.172792
4.6479998	8.6373568
4.6550002	3.3452597
4.6620002	0.97419661
4.6690001	-0.0044244681
4.6760001	-0.44620004
4.6830001	-0.64963716
4.6900001	-0.74729067
4.697	-0.82565379
4.704	-0.87325245
4.711	-0.91615611
4.7179999	-0.94891232
4.7249999	-0.94814467
4.7319999	-0.97938246
4.7389998	-0.98254418
4.7459998	-0.98294383
4.7529998	-0.98692244
4.7600002	-0.9870308
4.7670002	-1.0005713
4.7740002	-0.99747372
4.7810001	-0.99215615
4.7880001	-0.99769014
4.7950001	-0.99215794
4.802	-0.99726605
4.809	-1.0025797
4.816	-1.0123045
4.823	-0.98477805
4.8299999	-0.98618984
4.8369999	-1.0011182
4.8439999	-0.98371762
4.8509998	-0.98018962
4.8579998	-0.96700573
4.8649998	-0.9692921
4.8720002	-0.96208423
4.8790002	-0.96473169
4.8860002	-0.95121408
4.8930001	-0.93874139
4.9000001	-0.92145663
4.9070001	-0.8796165
4.914	-0.84042126
4.921	-0.81723797
4.928	-0.78447509
4.9349999	-0.74973494
4.9419999	-0.72204947
4.9489999	-0.68426472
4.9559999	-0.6529898
4.9629998	-0.5981487
4.9699998	-0.5577715
4.9770002	-0.49689499
4.9840002	-0.43373865
4.9910002	-0.36085188
4.9980001	-0.2372361
5.0050001	-0.039626632
5.0120001	0.21381778
5.0190001	0.72907108
5.026	1.6361408
5.033	3.5340126
5.04	7.4566817
5.0469999	16.142408
5.0539999	28.127665
5.0609999	28.365999
5.0679998	14.594328
5.0749998	5.9980493
5.0819998	2.5587282
5.0890002	1.0837151
5.0960002	0.41866261
5.1030002	0.084897161
5.1100001	-0.093858026
5.1170001	-0.20029861
5.1240001	-0.26607502
5.131	-0.25664186
5.138	-0.14842749
5.145	-0.029213009
5.152	0.32428733
5.1589999	1.0279152
5.1659999	2.5524025
5.1729999	5.8066587
5.1799998	12.178089
5.1869998	18.573986
5.1939998	15.860123
5.2010002	7.4998426
5.2080002	2.7974756
5.2150002	0.92684531
5.2220001	0.11547723
5.2290001	-0.28642127
5.2360001	-0.48028979
5.243	-0.62816972
5.25	-0.74272138
5.257	-0.79650819
5.2639999	-0.82070142
5.2709999	-0.84632838
5.2779999	-0.85943252
5.2849998	-0.87511164
5.2919998	-0.8913632
5.2989998	-0.91206497
5.3060002	-0.93748915
5.3130002	-0.93389857
5.3200002	-0.93585104
5.3270001	-0.93778765
5.3340001	-0.94363499
5.3410001	-0.96176291
5.348	-0.96471488
5.355	-0.95494384
5.362	-0.95197618
5.369	-0.9493525
5.3759999	-0.9611786
5.3829999	-0.9696036
5.3899999	-0.97081929
5.3969998	-0.96643203
5.4039998	-0.98002923
5.4109998	-0.97234982
5.4180002	-0.96767938
5.4250002	-0.96359962
5.4320002	-0.95118189
5.4390001	-0.96168864
5.4460001	-0.97005635
5.4530001	-0.97172928
5.46	-0.96068525
5.467	-0.94792575
5.474	-0.95504045
5.4809999	-0.96339744
5.4879999	-0.95511341
5.4949999	-0.94339317
5.5019999	-0.93564606
5.5089998	-0.91888726
5.5159998	-0.90908849
5.5229998	-0.90091771
5.5300002	-0.88257533
5.5370002	-0.84841841
5.5440001	-0.78820562
5.5510001	-0.75547963
5.5580001	-0.7340402
5.5650001	-0.74229425
5.572	-0.6740995
5.579	-0.62190503
5.586	-0.57364607
5.5929999	-0.53889346
5.5999999	-0.49229345
5.6069999	-0.42630753
5.6139998	-0.34910774
5.6209998	-0.23490052
5.6279998	-0.081137672
5.6350002	0.15114087
5.6420002	0.54116309
5.6490002	1.248176
5.6560001	2.6047552
5.6630001	5.6866627
5.6700001	12.157312
5.677	23.822517
5.684	32.003887
5.691	22.768364
5.698	9.9279566
5.7049999	4.0263948
5.7119999	1.6369035
5.7189999	0.5616554
5.7259998	0.022336481
5.7329998	-0.26839951
5.7399998	-0.45203629
5.7470002	-0.58283579
5.7540002	-0.69170463
5.7610002	-0.74176127
5.7680001	-0.78771824
5.7750001	-0.80453509
5.7820001	-0.82216221
5.789	-0.84294742
5.796	-0.85245937
5.803	-0.85584795
5.8099999	-0.87626362
5.8169999	-0.88354075
5.8239999	-0.90295517
5.8309999	-0.86408967
5.8379998	-0.88964623
5.8449998	-0.86855632
5.8520002	-0.90835035
5.8590002	-0.89999563
5.8660002	-0.88737714
5.8730001	-0.85785484
5.8800001	-0.8362329
5.8870001	-0.81120288
5.8940001	-0.80245364
5.901	-0.75269723
5.908	-0.71708876
5.915	-0.72014803
5.9219999	-0.6730203
5.9289999	-0.6276837
5.9359999	-0.59553879
5.9429998	-0.54734427
5.9499998	-0.5129177
5.9569998	-0.44632176
5.9640002	-0.3386929
5.9710002	-0.21977933
5.9780002	-0.037131816
5.9850001	0.26365614
5.9920001	0.78320396
5.9990001	1.8493212
6.006	4.0589728
6.013	8.9244633
6.02	18.322495
6.027	28.6537
6.0339999	22.204561
6.0409999	9.9137802
6.0479999	3.8783753
6.0549998	1.4907093
6.0619998	0.49044144
6.0689998	-0.042293888
6.0760002	-0.35445324
6.0830002	-0.51745474
6.0900002	-0.63762343
6.0970001	-0.70797461
6.1040001	-0.76853895
6.1110001	-0.82368791
6.118	-0.85483658
6.125	-0.88314641
6.132	-0.88461989
6.1389999	-0.91309726
6.1459999	-0.91026163
6.1529999	-0.92272818
6.1599998	-0.93014395
6.1669998	-0.94331926
6.1739998	-0.94283086
6.1810002	-0.95409769
6.1880002	-0.98410648
6.1950002	-0.99147785
6.2020001	-0.9893564
6.2090001	-0.99130917
6.2160001	-1.0022858
6.223	-0.99833661
6.23	-0.98805308
6.237	-0.9794026
6.244	-0.96806127
6.2509999	-0.9897688
6.2579999	-0.99698609
6.2649999	-0.97502846
6.2719998	-0.97839332
6.2789998	-0.99017
6.2859998	-1.0013123
6.2930002	-0.9895854
6.3000002	-0.97085047
6.3070002	-0.97059518
6.3140001	-0.98235667
6.3210001	-0.99256128
6.3280001	-1.0015091
6.335	-0.97882909
6.342	-0.97833389
6.349	-0.99185133
6.3559999	-0.95720118
6.3629999	-0.96899557
6.3699999	-0.96200895
6.3769999	-0.95685524
6.3839998	-0.94489461
6.3909998	-0.93602717
6.3979998	-0.93758452
6.4050002	-0.93450612
6.4120002	-0.93071002
6.4190001	-0.91776377
6.4260001	-0.89927047
6.4330001	-0.89357823
6.4400001	-0.89026618
6.447	-0.89157939
6.454	-0.86840266
6.461	-0.84729576
6.4679999	-0.81452793
6.4749999	-0.79647249
6.4819999	-0.78152037
6.4889998	-0.74308676
6.4959998	-0.70268488
6.5029998	-0.66265363
6.5100002	-0.59606099
6.5170002	-0.47997707
6.5240002	-0.28800756
6.5310001	0.015631959
6.5380001	0.7322672
6.5450001	2.2696078
6.552	5.4625692
6.559	9.9105015
6.566	10.50824
6.573	5.4255838
6.5799999	1.8642205
6.5869999	0.46180221
6.5939999	-0.14923537
6.6009998	-0.44418287
6.6079998	-0.58796835
6.6149998	-0.67557353
6.6220002	-0.73299086
6.6290002	-0.76659065
6.6360002	-0.79514837
6.6430001	-0.83538681
6.6500001	-0.82881618
6.6570001	-0.83121568
6.664	-0.82851368
6.671	-0.8340838
6.678	-0.86835736
6.6849999	-0.8449536
6.6919999	-0.81748056
6.6989999	-0.80987036
6.7059999	-0.80573183
6.7129998	-0.7555449
6.7199998	-0.71986794
6.7270002	-0.6717962
6.7340002	-0.65509385
6.7410002	-0.62550443
6.7480001	-0.57435864
6.7550001	-0.52653456
6.7620001	-0.46966371
6.7690001	-0.40148228
6.776	-0.3562572
6.783	-0.29588109
6.79	-0.24740057
6.7969999	-0.14895719
6.8039999	-0.015816402
6.8109999	0.19600593
6.8179998	0.50871217
6.8249998	1.0414616
6.8319998	2.0213761
6.8390002	4.0703053
6.8460002	8.555294
6.8530002	17.606945
6.8600001	29.893007
6.8670001	29.511864
6.8740001	15.952695
6.881	6.7200785
6.888	2.9833798
6.895	1.396324
6.902	0.72410548
6.9089999	0.41607419
6.9159999	0.35158548
6.9229999	0.44732139
6.9299998	0.77486861
6.9369998	1.6858104
6.9439998	3.7306933
6.9510002	7.8664446
6.9580002	13.204962
6.9650002	12.146076
6.9720001	6.050447
6.9790001	2.2493291
6.9860001	0.71489418
6.993	0.053418968
7	-0.25892827
7.007	-0.45733017
7.0139999	-0.53107119
7.0209999	-0.57634419
7.0279999	-0.6580168
7.0349998	-0.71398681
7.0419998	-0.7431972
7.0489998	-0.76558375
7.0560002	-0.76662022
7.0630002	-0.77327347
7.0700002	-0.80453736
7.0770001	-0.79663336
7.0840001	-0.80190635
7.0910001	-0.82748628
7.098	-0.80647498
7.105	-0.82820445
7.112	-0.82738358
7.119	-0.82583439
7.1259999	-0.83837777
7.1329999	-0.83271128
7.1399999	-0.85321963
7.1469998	-0.86274105
7.1539998	-0.84629649
7.1609998	-0.83641601
7.1680002	-0.8186661
7.1750002	-0.82168132
7.1820002	-0.80603677
7.1890001	-0.79008967
7.1960001	-0.76477343
7.2030001	-0.75817573
7.21	-0.75370222
7.217	-0.74354267
7.224	-0.70010716
7.2309999	-0.66698462
7.2379999	-0.65979993
7.2449999	-0.64331955
7.2519999	-0.60361272
7.2589998	-0.55947387
7.2659998	-0.51872206
7.2729998	-0.43620211
7.2800002	-0.37366012
7.2870002	-0.25783762
7.2940001	-0.060924221
7.3010001	0.3021602
7.3080001	1.0077848
7.3150001	2.4637086
7.322	5.5875459
7.329	11.816195
7.336	18.119856
7.3429999	13.862348
7.3499999	6.1091723
7.3569999	2.1825323
7.3639998	0.69201207
7.3709998	0.05776022
7.3779998	-0.21873818
7.3850002	-0.40591422
7.3920002	-0.55151516
7.3990002	-0.63900125
7.4060001	-0.68584859
7.4130001	-0.71889979
7.4200001	-0.74194735
7.427	-0.77586287
7.434	-0.7823717
7.441	-0.79049826
7.448	-0.78050798
7.4549999	-0.77682877
7.4619999	-0.75139755
7.4689999	-0.73416001
7.4759998	-0.7288059
7.4829998	-0.73816025
7.4899998	-0.72098839
7.4970002	-0.72335118
7.5040002	-0.70548499
7.5110002	-0.68491536
7.5180001	-0.66627967
7.5250001	-0.61944246
7.5320001	-0.59710908
7.539	-0.58323908
7.546	-0.52461118
7.553	-0.46961674
7.5599999	-0.34603927
7.5669999	-0.16109586
7.5739999	0.16595398
7.5809999	0.8336013
7.5879998	2.2714183
7.5949998	5.1965618
7.6020002	10.45853
7.6090002	12.330254
7.6160002	6.9914656
7.6230001	2.7096832
7.6300001	0.95644015
7.6370001	0.24336681
7.6440001	-0.032097582
7.651	-0.1432521
7.658	-0.060638398
7.665	0.23440748
7.6719999	0.83913231
7.6789999	2.2528737
7.6859999	5.0489197
7.6929998	8.6687117
7.6999998	7.2704515
7.7069998	3.0769348
7.7140002	0.87969851
7.7210002	0.040238962
7.7280002	-0.35183769
7.7350001	-0.52631456
7.7420001	-0.64762509
7.7490001	-0.69574934
7.756	-0.74828994
7.763	-0.77652031
7.77	-0.78394449
7.777	-0.79494148
7.7839999	-0.81504345
7.7909999	-0.83998644
7.7979999	-0.84085494
7.8049998	-0.81986374
7.8119998	-0.86932826
7.8189998	-0.83986968
7.8260002	-0.84772903
7.8330002	-0.87553042
7.8400002	-0.85935831
7.8470001	-0.86996466
7.8540001	-0.88322765
7.8610001	-0.88615811
7.868	-0.88811755
7.875	-0.88582557
7.882	-0.89451128
7.8889999	-0.90708023
7.8959999	-0.86264926
7.9029999	-0.85482347
7.9099998	-0.83776712
7.9169998	-0.8518042
7.9239998	-0.85255468
7.9310002	-0.82848692
7.9380002	-0.80177456
7.9450002	-0.79377097
7.9520001	-0.78778583
7.9590001	-0.77974468
7.9660001	-0.80437356
7.973	-0.78020936
7.98	-0.72575927
7.987	-0.72147131
7.994	-0.63526398
8.0010004	-0.58487314
8.0080004	-0.38921398
8.0150003	0.015202412
8.0220003	0.87352568
8.0290003	2.5699496
8.0360003	4.2282271
8.0430002	3.0727744
8.0500002	1.0404937
8.0570002	0.012808938
8.0640001	-0.39874983
8.0710001	-0.5786804
8.0780001	-0.68794072
8.085	-0.71534353
8.092	-0.7471419
8.099	-0.77038437
8.1059999	-0.76345813
8.1129999	-0.78845108
8.1199999	-0.77953851
8.1269999	-0.73736674
8.1339998	-0.73039281
8.1409998	-0.70241666
8.1479998	-0.66832143
8.1549997	-0.67810953
8.1619997	-0.64345849
8.1689997	-0.63734663
8.1759996	-0.61037993
8.1829996	-0.56127435
8.1899996	-0.53113276
8.1969995	-0.50776201
8.2040005	-0.46248123
8.2110004	-0.39627758
8.2180004	-0.3420186
8.2250004	-0.21713667
8.2320004	-0.11027632
8.2390003	0.11002421
8.2460003	0.46692291
8.2530003	1.1178734
8.2600002	2.464133
8.2670002	5.3072238
8.2740002	11.095563
8.2810001	19.531479
8.2880001	19.231653
8.2950001	10.076978
8.302	4.0935316
8.309	1.7580717
8.316	0.83381832
8.323	0.40634313
8.3299999	0.29997733
8.3369999	0.48537478
8.3439999	1.0819446
8.3509998	2.4258506
8.3579998	5.1165099
8.3649998	7.2834435
8.3719997	5.1027613
8.3789997	2.0279236
8.3859997	0.55049545
8.3929996	-0.027561339
8.3999996	-0.29741517
8.4069996	-0.43178347
8.4139996	-0.52448291
8.4209995	-0.55608642
8.4280005	-0.60115606
8.4350004	-0.62001264
8.4420004	-0.65945196
8.4490004	-0.66835821
8.4560003	-0.6659466
8.4630003	-0.66791493
8.4700003	-0.67122322
8.4770002	-0.65776944
8.4840002	-0.66523921
8.4910002	-0.69647634
8.4980001	-0.67133868
8.5050001	-0.65896016
8.5120001	-0.66756201
8.5190001	-0.63698113
8.526	-0.62921184
8.533	-0.59176642
8.54	-0.56590682
8.5469999	-0.57428825
8.5539999	-0.54152042
8.5609999	-0.53654563
8.5679998	-0.50016433
8.5749998	-0.42512503
8.5819998	-0.4155907
8.5889997	-0.39371383
8.5959997	-0.32996729
8.6029997	-0.27017409
8.6099997	-0.21178015
8.6169996	-0.13842791
8.6239996	-0.0057186205
8.6309996	0.17831658
8.6379995	0.46471676
8.6450005	0.8985793
8.6520004	1.8274248
8.6590004	3.7629046
8.6660004	8.0557356
8.6730003	16.321827
8.6800003	23.731249
8.6870003	18.506088
8.6940002	8.5962477
8.7010002	3.5375681
8.7080002	1.4867439
8.7150002	0.61346453
8.7220001	0.15152879
8.7290001	-0.060444225
8.7360001	-0.20424077
8.743	-0.30744776
8.75	-0.34234369
8.757	-0.40156996
8.7639999	-0.42525786
8.7709999	-0.40140119
8.7779999	-0.40153411
8.7849998	-0.37521851
8.7919998	-0.37281901
8.7989998	-0.37673929
8.8059998	-0.3285673
8.8129997	-0.29961339
8.8199997	-0.24720994
8.8269997	-0.18605112
8.8339996	-0.15959425
8.8409996	-0.11553866
8.8479996	-0.028584464
8.8549995	0.096044496
8.8620005	0.31889144
8.8690004	0.63912654
8.8760004	1.2039278
8.8830004	2.3269484
8.8900003	4.793323
8.8970003	10.38368
8.9040003	20.10285
8.9110003	26.320143
8.9180002	17.496363
8.9250002	7.5143957
8.9320002	3.1480751
8.9390001	1.3531698
8.9460001	0.56168008
8.9530001	0.13445717
8.96	-0.086774506
8.967	-0.26188257
8.974	-0.39064977
8.9809999	-0.48261172
8.9879999	-0.51546556
8.9949999	-0.5354026
9.0019999	-0.58508748
9.0089998	-0.60883677
9.0159998	-0.6192221
9.0229998	-0.62602812
9.0299997	-0.63052732
9.0369997	-0.60961908
9.0439997	-0.66753185
9.0509996	-0.67406893
9.0579996	-0.70728177
9.0649996	-0.68274289
9.0719995	-0.69883645
9.0790005	-0.73440236
9.0860004	-0.73495805
9.0930004	-0.69739127
9.1000004	-0.68987429
9.1070004	-0.71115774
9.1140003	-0.7590974
9.1210003	-0.7632485
9.1280003	-0.69856763
9.1350002	-0.71309686
9.1420002	-0.69337791
9.1490002	-0.70785362
9.1560001	-0.70286888
9.1630001	-0.7089889
9.1700001	-0.7220639
9.177	-0.72751874
9.184	-0.74359238
9.191	-0.71958792
9.198	-0.74285537
9.2049999	-0.71379179
9.2119999	-0.67170107
9.2189999	-0.66853946
9.2259998	-0.65386909
9.2329998	-0.62702328
9.2399998	-0.61085594
9.2469997	-0.54371798
9.2539997	-0.40921354
9.2609997	-0.092211917
9.2679996	0.54832435
9.2749996	1.5855478
9.2819996	2.0695338
9.2889996	0.77258843
9.2959995	-0.040925927
9.3030005	-0.39764428
9.3100004	-0.53848654
9.3170004	-0.62587857
9.3240004	-0.67926228
9.3310003	-0.65789193
9.3380003	-0.67073137
9.3450003	-0.64826047
9.3520002	-0.6581822
9.3590002	-0.65822738
9.3660002	-0.63984579
9.3730001	-0.64746624
9.3800001	-0.63042551
9.3870001	-0.63640094
9.3940001	-0.63056606
9.401	-0.59704006
9.408	-0.53318822
9.415	-0.51838398
9.4219999	-0.49401912
9.4289999	-0.44777381
9.4359999	-0.39511183
9.4429998	-0.37317723
9.4499998	-0.3094084
9.4569998	-0.14717253
9.4639997	0.13365559
9.4709997	0.67047292
9.4779997	1.7980819
9.4849997	4.0741334
9.4919996	7.13835
9.4989996	6.3924637
9.5059996	2.759891
9.5129995	1.1390653
9.5200005	0.5584994
9.5270004	0.39248994
9.5340004	0.57448518
9.5410004	1.1911746
9.5480003	2.6369562
9.5550003	5.7093043
9.5620003	10.217379
9.5690002	9.5766563
9.5760002	4.4935346
9.5830002	1.646461
9.5900002	0.53862083
9.5970001	0.053282049
9.6040001	-0.23201892
9.6110001	-0.37328827
9.618	-0.4402338
9.625	-0.49616393
9.632	-0.50727797
9.6389999	-0.55516648
9.6459999	-0.62428772
9.6529999	-0.57497168
9.6599998	-0.56095344
9.6669998	-0.57650745
9.6739998	-0.57110661
9.6809998	-0.56495684
9.6879997	-0.605286
9.6949997	-0.5774262
9.7019997	-0.58172065
9.7089996	-0.55262733
9.7159996	-0.52464008
9.7229996	-0.48755294
9.7299995	-0.52056438
9.7370005	-0.51248771
9.7440004	-0.47494686
9.7510004	-0.48975965
9.7580004	-0.4292303
9.7650003	-0.35297266
9.7720003	-0.31541935
9.7790003	-0.28669858
9.7860003	-0.23722544
9.7930002	-0.10372379
9.8000002	0.015208933
9.8070002	0.3128278
9.8140001	0.80621076
9.8210001	2.0368752
9.8280001	4.5510149
9.835	9.1452618
9.842	12.724681
9.849	9.3048916
9.8559999	3.9837234
9.8629999	1.5256121
9.8699999	0.50703084
9.8769999	0.087392665
9.8839998	-0.091734931
9.8909998	-0.2631276
9.8979998	-0.27545416
9.9049997	-0.31977165
9.9119997	-0.34905741
9.9189997	-0.36014912
9.9259996	-0.32055408
9.9329996	-0.33749765
9.9399996	-0.3228932
9.9469995	-0.30962437
9.9540005	-0.31371754
9.9610004	-0.28526664
9.9680004	-0.24694617
9.9750004	-0.17347586
9.9820004	-0.13232006
9.9890003	-0.063009731
9.9960003	0.086584911
10.003	0.25236455
10.01	0.5911727
10.017	1.1733119
10.024	2.4792018
10.031	5.2725468
10.038	10.788892
10.045	15.123273
10.052	11.004295
10.059	4.81916
10.066	2.0442281
10.073	0.99169064
10.08	0.63689774
10.087	0.66130954
10.094	1.0282137
10.101	2.2582135
10.108	4.056982
10.115	4.3839564
10.122	2.145242
10.129	0.70691162
10.136	0.087324269
10.143	-0.18047634
10.15	-0.29520711
10.157	-0.39394322
10.164	-0.44428116
10.171	-0.43139815
10.178	-0.4486481
10.185	-0.4493013
10.192	-0.44841951
10.199	-0.46867493
10.206	-0.48094392
10.213	-0.48487878
10.22	-0.50196379
10.227	-0.50680727
10.234	-0.51653278
10.241	-0.45715263
10.248	-0.45779389
10.255	-0.4525423
10.262	-0.49130547
10.269	-0.46015909
10.276	-0.43064502
10.283	-0.42190796
10.29	-0.39464256
10.297	-0.38558888
10.304	-0.37208959
10.311	-0.30173382
10.318	-0.28499728
10.325	-0.2474001
10.332	-0.1462169
10.339	0.0096989712
10.346	0.33562011
10.353	0.96043193
10.36	2.3544075
10.367	5.1784759
10.374	7.7122808
10.381	5.3916392
10.388	2.1019371
10.395	0.71746093
10.402	0.17850952
10.409	-0.089576907
10.416	-0.19311823
10.423	-0.24382906
10.43	-0.26609996
10.437	-0.29041266
10.444	-0.32344374
10.451	-0.2711904
10.458	-0.2777383
10.465	-0.26754537
10.472	-0.22439991
10.479	-0.19474301
10.486	-0.15369575
10.493	-0.10783014
10.5	-0.065059096
10.507	0.041686207
10.514	0.10533835
10.521	0.32152587
10.528	0.53537416
10.535	1.0141249
10.542	1.9467182
10.549	4.1075935
10.556	8.5162601
10.563	15.124356
10.57	15.842416
10.577	8.8461866
10.584	3.8961935
10.591	1.9404974
10.598	1.3195157
10.605	1.3690777
10.612	2.1141777
10.619	4.0432868
10.626	7.1874146
10.633	7.7375031
10.64	4.3830118
10.647	1.6923054
10.654	0.59504128
10.661	0.14327523
10.668	-0.047809709
10.675	-0.16622981
10.682	-0.2155657
10.689	-0.26802489
10.696	-0.32830009
10.703	-0.38306367
10.71	-0.34115601
10.717	-0.38492712
10.724	-0.42294437
10.731	-0.44946885
10.738	-0.44210801
10.745	-0.41999146
10.752	-0.38800105
10.759	-0.41722953
10.766	-0.41118807
10.773	-0.3974019
10.78	-0.3810527
10.787	-0.39434332
10.794	-0.4245156
10.801	-0.40594611
10.808	-0.38094717
10.815	-0.35798076
10.822	-0.31545952
10.829	-0.26665115
10.836	-0.20132971
10.843	-0.082639866
10.85	0.1145649
10.857	0.57684547
10.864	1.6262903
10.871	3.4440355
10.878	6.0407233
10.885	5.5454254
10.892	2.53016
10.899	0.91759765
10.906	0.19239931
10.913	-0.13226642
10.92	-0.26138908
10.927	-0.3038702
10.934	-0.33082041
10.941	-0.34413469
10.948	-0.29741913
10.955	-0.39421192
10.962	-0.37656549
10.969	-0.32888129
10.976	-0.31736109
10.983	-0.31386793
10.99	-0.28075901
10.997	-0.28849053
11.004	-0.27996084
11.011	-0.21280545
11.018	-0.14282852
11.025	-0.0043150173
11.032	0.28086209
11.039	0.83581293
11.046	2.0583532
11.053	4.5850992
11.06	8.6242676
11.067	9.6051025
11.074	4.7677097
11.081	1.9025742
11.088	0.7197262
11.095	0.18076292
11.102	-0.11600015
11.109	-0.26569948
11.116	-0.31941587
11.123	-0.39319441
11.13	-0.40076071
11.137	-0.38133016
11.144	-0.38488248
11.151	-0.45076767
11.158	-0.46967295
11.165	-0.48700818
11.172	-0.49354658
11.179	-0.46769804
11.186	-0.47130293
11.193	-0.4925653
11.2	-0.431272
11.207	-0.46221909
11.214	-0.44530532
11.221	-0.44706061
11.228	-0.43590784
11.235	-0.42444849
11.242	-0.4336758
11.249	-0.44441712
11.256	-0.44386405
11.263	-0.40008458
11.27	-0.40802598
11.277	-0.41872889
11.284	-0.3885648
11.291	-0.39617655
11.298	-0.34310475
11.305	-0.27622038
11.312	-0.24258734
11.319	-0.19774237
11.326	-0.078320444
11.333	0.10687074
11.34	0.49303603
11.347	1.3223099
11.354	2.962847
11.361	5.1565828
11.368	4.8862343
11.375	2.4054637
11.382	0.87863398
11.389	0.24520072
11.396	0.039307959
11.403	-0.089748539
11.41	-0.091725983
11.417	-0.18536203
11.424	-0.17993376
11.431	-0.20174208
11.438	-0.2252323
11.445	-0.14405781
11.452	-0.12780841
11.459	-0.13943782
11.466	-0.067120709
11.473	-0.014605219
11.48	0.078369349
11.487	0.13781513
11.494	0.22678724
11.501	0.43561298
11.508	0.78393191
11.515	1.5721047
11.522	3.1125119
11.529	6.1747203
11.536	11.437089
11.543	12.695663
11.55	7.0718398
11.557	3.1429899
11.564	1.5698601
11.571	1.0163028
11.578	1.0833492
11.585	1.7399682
11.592	3.082619
11.599	4.1585879
11.606	2.6283133
11.613	1.0675559
11.62	0.45711178
11.627	0.098654486
11.634	-0.0767885
11.641	-0.07640738
11.648	-0.10516447
11.655	-0.085694179
11.662	-0.16077104
11.669	-0.14854093
11.676	-0.17780276
11.683	-0.17046542
11.69	-0.14441098
11.697	-0.16689968
11.704	-0.17171426
11.711	-0.11793134
11.718	-0.16429614
11.725	-0.10515939
11.732	-0.02380852
11.739	0.0033563408
11.746	0.022186827
11.753	0.01285524
11.76	0.055049997
11.767	0.17850076
11.774	0.24795112
11.781	0.36292878
11.788	0.61294693
11.795	1.0123745
11.802	1.82858
11.809	3.5680943
11.816	7.2601018
11.823	13.659451
11.83	15.823513
11.837	8.818079
11.844	3.7966032
11.851	1.8014674
11.858	0.90598029
11.865	0.5713582
11.872	0.37599659
11.879	0.26358053
11.886	0.1904994
11.893	0.061163414
11.9	0.058478776
11.907	0.049196098
11.914	0.034195144
11.921	0.050308645
11.928	0.057446826
11.935	0.10280012
11.942	0.16452195
11.949	0.24995697
11.956	0.38949454
11.963	0.62584388
11.97	1.1847566
11.977	2.4155982
11.984	4.8185601
11.991	9.1488714
11.998	11.691826
12.005	7.8518829
12.012	3.562269
12.019	1.6940039
12.026	1.081111
12.033	1.1046714
12.04	1.7285407
12.047	3.0297794
12.054	3.8578827
12.061	2.5533719
12.068	1.0558406
12.075	0.36608776
12.082	0.053225778
12.089	-0.082174413
12.096	-0.12219439
12.103	-0.16215119
12.11	-0.16878395
12.117	-0.23713897
12.124	-0.2752775
12.131	-0.30201632
12.138	-0.30276918
12.145	-0.24613427
12.152	-0.34353614
12.159	-0.32589543
12.166	-0.29001752
12.173	-0.27947947
12.18	-0.3063629
12.187	-0.30912897
12.194	-0.32668528
12.201	-0.34531736
12.208	-0.29558343
12.215	-0.33053949
12.222	-0.31400064
12.229	-0.32928419
12.236	-0.32820892
12.243	-0.34405744
12.25	-0.34188017
12.257	-0.31028512
12.264	-0.25984558
12.271	-0.29184806
12.278	-0.28712723
12.285	-0.29682523
12.292	-0.25421879
12.299	-0.25125289
12.306	-0.27594909
12.313	-0.28277412
12.32	-0.28475001
12.327	-0.23267306
12.334	-0.22836287
12.341	-0.17884028
12.348	-0.15409407
12.355	-0.15750685
12.362	-0.12239195
12.369	-0.068973012
12.376	-0.060857318
12.383	-0.054435678
12.39	0.021638839
12.397	0.1469759
12.404	0.35641548
12.411	0.73250341
12.418	1.4715514
12.425	3.1176097
12.432	5.851687
12.439	7.3704076
12.446	4.3107157
12.453	2.1203027
12.46	1.390592
12.467	1.4231551
12.474	2.2363434
12.481	4.2733335
12.488	7.3229651
12.495	7.1298423
12.502	3.5844827
12.509	1.5273454
12.516	0.63261962
12.523	0.26650885
12.53	0.05208353
12.537	-0.047847256
12.544	-0.089890197
12.551	-0.12012003
12.558	-0.10213698
12.565	-0.15973085
12.572	-0.13417476
12.579	-0.16023573
12.586	-0.17176947
12.593	-0.16648686
12.6	-0.14618985
12.607	-0.17954913
12.614	-0.099716894
12.621	-0.050136864
12.628	-0.098587923
12.635	-0.039276797
12.642	0.0060276305
12.649	0.0083743166
12.656	0.052799117
12.663	0.17581481
12.67	0.28796551
12.677	0.67366964
12.684	1.3912996
12.691	3.0209274
12.698	5.9883118
12.705	8.2637672
12.712	5.8810425
12.719	2.5609305
12.726	1.0196755
12.733	0.44113463
12.74	0.18055016
12.747	0.039250989
12.754	0.040235776
12.761	-0.0043387678
12.768	-0.072122209
12.775	-0.048523091
12.782	-0.030697849
12.789	-0.086819462
12.796	-0.096153922
12.803	-0.0753185
12.81	-0.072903894
12.817	-0.0092015173
12.824	0.087186709
12.831	0.29697412
12.838	0.62815386
12.845	1.3863524
12.852	3.0608721
12.859	5.6870379
12.866	5.9426708
12.873	2.9878566
12.88	1.197896
12.887	0.4543635
12.894	0.17032085
12.901	-0.0521507
12.908	-0.11427344
12.915	-0.13482551
12.922	-0.15552077
12.929	-0.22101595
12.936	-0.20732634
12.943	-0.26292118
12.95	-0.22439958
12.957	-0.26291123
12.964	-0.2115832
12.971	-0.28518853
12.978	-0.24222873
12.985	-0.28125033
12.992	-0.28433943
12.999	-0.27579102
13.006	-0.2725383
13.013	-0.27915296
13.02	-0.30394718
13.027	-0.21976615
13.034	-0.26176894
13.041	-0.2468809
13.048	-0.21832457
13.055	-0.20522679
13.062	-0.19095787
13.069	-0.16783999
13.076	-0.16918051
13.083	-0.085428037
13.09	-0.051216278
13.097	0.098067395
13.104	0.35791716
13.111	0.87108755
13.118	1.6381156
13.125	1.6177335
13.132	0.74356067
13.139	0.28742725
13.146	0.20649344
13.153	0.060487993
13.16	0.042641122
13.167	0.010761634
13.174	0.029825661
13.181	0.10795381
13.188	0.14443584
13.195	0.098433562
13.202	0.15886812
13.209	0.22455768
13.216	0.29255694
13.223	0.3994765
13.23	0.53507662
13.237	0.88431543
13.244	1.3271177
13.251	2.3515527
13.258	4.5255723
13.265	8.890543
13.272	14.041177
13.279	12.328124
13.286	6.3191037
13.293	3.0689137
13.3	1.9509423
13.307	1.967086
13.314	2.7786984
13.321	4.2194085
13.328	4.2288494
13.335	2.4208663
13.342	1.0942822
13.349	0.5511536
13.356	0.38377008
13.363	0.20821773
13.37	0.10086446
13.377	0.1145281
13.384	0.12209184
13.391	0.10810474
13.398	0.0093932832
13.405	0.065813377
13.412	0.044446152
13.419	0.11629692
13.426	0.067359529
13.433	0.14063422
13.44	0.10819187
13.447	0.096609548
13.454	0.080811396
13.461	0.10353002
13.468	0.16360736
13.475	0.21368118
13.482	0.28478342
13.489	0.44488692
13.496	0.6784727
13.503	1.2043067
13.51	2.3696702
13.517	4.5958176
13.524	7.0755239
13.531	5.6591792
13.538	2.7001681
13.545	1.2629248
13.552	0.66265708
13.559	0.40052542
13.566	0.27654165
13.573	0.14411837
13.58	0.17653044
13.587	0.21859778
13.594	0.18317187
13.601	0.21569858
13.608	0.21848878
13.615	0.17853545
13.622	0.2651321
13.629	0.28253371
13.636	0.48103458
13.643	0.77122456
13.65	1.2695158
13.657	2.4217467
13.664	4.6476903
13.671	7.9626193
13.678	7.1908069
13.685	3.6718493
13.692	1.9143294
13.699	1.3808832
13.706	1.6135291
13.713	2.5895934
13.72	4.0407367
13.727	3.6330142
13.734	1.7552691
13.741	0.83347517
13.748	0.43269488
13.755	0.27692571
13.762	0.14159393
13.769	0.1630677
13.776	0.08858677
13.783	0.038448516
13.79	-0.0091005703
13.797	-0.0096576698
13.804	0.021350816
13.811	0.01714664
13.818	0.077095583
13.825	0.086322926
13.832	0.033379361
13.839	-0.0026257776
13.846	0.025322251
13.853	0.0055253361
13.86	0.043916564
13.867	0.072820142
13.874	0.16610193
13.881	0.25300333
13.888	0.29434875
13.895	0.60455489
13.902	1.2965567
13.909	2.5754302
13.916	3.9130509
13.923	3.0478206
13.93	1.3676358
13.937	0.64290464
13.944	0.34002444
13.951	0.21289815
13.958	0.1450159
13.965	0.08970464
13.972	0.094502404
13.979	0.11377119
13.986	0.10905189
13.993	0.1034997
14	0.096124627
14.007	0.09375044
14.014	0.14356264
14.021	0.22729734
14.028	0.42666468
14.035	0.67666978
14.042	1.2150993
14.049	2.4909315
14.056	4.6260071
14.063	5.4719434
14.07	3.4634609
14.077	1.661822
14.084	0.98603922
14.091	0.83187944
14.098	1.1740397
14.105	1.7910712
14.112	1.8230339
14.119	1.0107772
14.126	0.45183322
14.133	0.23750786
14.14	0.1273338
14.147	0.11616407
14.154	0.046639621
14.161	-0.0071903439
14.168	0.0046055121
14.175	0.031929325
14.182	0.040225539
14.189	0.026114244
14.196	0.10541303
14.203	0.14883435
14.21	0.11170645
14.217	0.08203239
14.224	0.10512778
14.231	0.19332828
14.238	0.12342274
14.245	0.21375191
14.252	0.36601806
14.259	0.44020802
14.266	0.69961405
14.273	1.1992787
14.28	2.1169906
14.287	4.2863088
14.294	7.6825342
14.301	8.5625076
14.308	4.9216132
14.315	2.1542964
14.322	1.1350331
14.329	0.61673629
14.336	0.40293077
14.343	0.29458782
14.35	0.24499319
14.357	0.22547401
14.364	0.23036659
14.371	0.25651866
14.378	0.24675553
14.385	0.33853936
14.392	0.45398414
14.399	0.49343577
14.406	0.7269991
14.413	1.2017785
14.42	2.1835268
14.427	4.17208
14.434	7.7527328
14.441	8.9197617
14.448	5.0757771
14.455	2.2927887
14.462	1.054951
14.469	0.55794793
14.476	0.3528254
14.483	0.19797234
14.49	0.15744084
14.497	0.15618244
14.504	0.083263062
14.511	0.02658513
14.518	-0.0082712481
14.525	0.021959729
14.532	0.062144049
14.539	-0.0070958696
14.546	0.039762706
14.553	-0.039671373
14.56	-0.039518606
14.567	0.024935629
14.574	0.02453221
14.581	0.010540931
14.588	0.046599023
14.595	0.059219573
14.602	0.042041875
14.609	0.075723656
14.616	0.1062485
14.623	0.1051321
14.63	0.11530039
14.637	0.23042361
14.644	0.3638863
14.651	0.66847879
14.658	1.3281286
14.665	2.3915513
14.672	2.7055452
14.679	1.5564528
14.686	0.72490329
14.693	0.42861342
14.7	0.28124353
14.707	0.19243565
14.714	0.2166978
14.721	0.092659906
14.728	0.10692253
14.735	0.10327773
14.742	0.13895896
14.749	0.15217528
14.756	0.20804472
14.763	0.24461462
14.77	0.30528229
14.777	0.34687814
14.784	0.49197426
14.791	0.91606253
14.798	1.6102647
14.805	2.2938924
14.812	2.0079007
14.819	1.2536482
14.826	1.2560245
14.833	1.7103212
14.84	3.0649688
14.847	5.2675772
14.854	6.0246105
14.861	3.645504
14.868	1.576757
14.875	0.94540209
14.882	0.53188992
14.889	0.40161446
14.896	0.32381818
14.903	0.25123385
14.91	0.27746582
14.917	0.20168664
14.924	0.23669378
14.931	0.18551452
14.938	0.22113471
14.945	0.21569167
14.952	0.1991954
14.959	0.23171671
14.966	0.24695364
14.973	0.28037578
14.98	0.32729596
14.987	0.3229118
14.994	0.38746098
15.001	0.58435827
15.008	0.86751771
15.015	1.5114636
15.022	2.9318511
15.029	4.6720867
15.036	4.5940781
15.043	2.5315988
15.05	1.228452
15.057	0.83715838
15.064	0.56852603
15.071	0.50345039
15.078	0.47117421
15.085	0.47063524
15.092	0.42072034
15.099	0.43548822
15.106	0.40093645
15.113	0.4678717
15.12	0.57146484
15.127	0.73012573
15.134	0.99058479
15.141	1.4728669
15.148	2.5814493
15.155	5.0970545
15.162	8.5695696
15.169	8.7600794
15.176	4.9850616
15.183	2.4942148
15.19	1.4757373
15.197	1.3075166
15.204	1.6470675
15.211	1.7313135
15.218	1.1728864
15.225	0.71086711
15.232	0.41012093
15.239	0.36458427
15.246	0.34583923
15.253	0.23218942
15.26	0.26326495
15.267	0.23926729
15.274	0.15738511
15.281	0.1600942
15.288	0.19596601
15.295	0.26973423
15.302	0.2245125
15.309	0.24416643
15.316	0.22963983
15.323	0.21636668
15.33	0.17563263
15.337	0.17934805
15.344	0.26540369
15.351	0.27492461
15.358	0.371517
15.365	0.57075042
15.372	1.0644232
15.379	1.9977373
15.386	2.5550375
15.393	1.783353
15.4	0.92542404
15.407	0.59166145
15.414	0.48733664
15.421	0.41084135
15.428	0.40185633
15.435	0.41100904
15.442	0.42827934
15.449	0.43592519
15.456	0.4533937
15.463	0.60663635
15.47	0.634776
15.477	0.72167933
15.484	0.97736108
15.491	1.4711531
15.498	2.4982374
15.505	4.6837673
15.512	8.0740147
15.519	8.8453836
15.526	5.1713414
15.533	2.8054931
15.54	2.0947032
15.547	2.5387771
15.554	3.8291037
15.561	4.5447173
15.568	2.8428884
15.575	1.4296622
15.582	0.82983369
15.589	0.48515791
15.596	0.43581823
15.603	0.36484677
15.61	0.31688148
15.617	0.3372938
15.624	0.3199335
15.631	0.32527527
15.638	0.33457741
15.645	0.21745791
15.652	0.19589432
15.659	0.21175757
15.666	0.24580763
15.673	0.279695
15.68	0.36038229
15.687	0.41649994
15.694	0.47255492
15.701	0.56107044
15.708	0.8394801
15.715	1.4172662
15.722	2.7248766
15.729	4.3565598
15.736	3.9271152
15.743	1.9863235
15.75	1.0001887
15.757	0.60192251
15.764	0.40688047
15.771	0.33811143
15.778	0.30626872
15.785	0.20599127
15.792	0.16860259
15.799	0.19152692
15.806	0.2350217
15.813	0.26944849
15.82	0.30129129
15.827	0.39585754
15.834	0.56693763
15.841	0.92844725
15.848	1.8275875
15.855	3.1135395
15.862	3.2499702
15.869	1.7645516
15.876	0.94152319
15.883	0.50907964
15.89	0.32984585
15.897	0.29402262
15.904	0.14963998
15.911	0.13642225
15.918	0.12033594
15.925	0.077213965
15.932	0.10746441
15.939	0.16164267
15.946	0.14254439
15.953	0.20950565
15.96	0.13241595
15.967	0.086846665
15.974	0.087706693
15.981	0.1147388
15.988	0.10770126
15.995	0.14228505
16.002001	0.10055108
16.009001	0.075814731
16.016001	0.16296005
16.023001	0.13787033
16.030001	0.18383726
16.037001	0.14456221
16.044001	0.20819493
16.051001	0.29740056
16.058001	0.54677188
16.065001	0.71908593
16.072001	0.89249486
16.079	0.59604371
16.086	0.38368341
16.093	0.30105335
16.1	0.31171516
16.107	0.37039936
16.114	0.28960815
16.121	0.28639928
16.128	0.34218934
16.135	0.33975568
16.142	0.44274172
16.149	0.45110902
16.156	0.51433003
16.163	0.64279211
16.17	1.1376103
16.177	1.938023
16.184	3.5283828
16.191	5.9329257
16.198	6.0365076
16.205	3.3089216
16.212	1.9187219
16.219	1.6182882
16.226	2.0883455
16.233	2.8812973
16.24	2.7930763
16.247	1.5622345
16.254	0.85550249
16.261	0.64856809
16.268	0.50723493
16.275	0.38976848
16.282	0.32867953
16.289	0.41883183
16.296	0.4332068
16.302999	0.4274486
16.309999	0.4315218
16.316999	0.38011917
16.323999	0.41317829
16.330999	0.46888688
16.337999	0.44009313
16.344999	0.49529105
16.351999	0.54361641
16.358999	0.59181482
16.365999	0.61515325
16.372999	1.0173508
16.379999	1.5613608
16.386999	2.7938731
16.393999	5.0202522
16.400999	6.7852378
16.408001	4.7348261
16.415001	2.2945065
16.422001	1.2650168
16.429001	0.90594798
16.436001	0.71845782
16.443001	0.59318024
16.450001	0.61415523
16.457001	0.56412405
16.464001	0.56754595
16.471001	0.59017193
16.478001	0.63795739
16.485001	0.69373322
16.492001	0.84903002
16.499001	1.2283403
16.506001	2.0013964
16.513	3.4817855
16.52	5.6725669
16.527	5.491107
16.534	3.0431852
16.541	1.8348321
16.548	1.5718946
16.555	1.9958504
16.562	2.5367899
16.569	2.1875358
16.576	1.2667354
16.583	0.77671242
16.59	0.626863
16.597	0.46443748
16.604	0.41631806
16.611	0.40950915
16.618	0.34804308
16.625	0.34157842
16.632	0.40086821
16.639	0.40228447
16.646	0.42157787
16.653	0.3409656
16.66	0.36496049
16.667	0.35796013
16.674	0.32108071
16.681	0.32494771
16.688	0.34177032
16.695	0.51995045
16.702	0.62706596
16.709	0.78029799
16.716	1.3069806
16.723	1.9321961
16.73	1.7784908
16.737	0.99134612
16.743999	0.63207084
16.750999	0.45679581
16.757999	0.42030087
16.764999	0.55483651
16.771999	0.47680506
16.778999	0.43612245
16.785999	0.40354833
16.792999	0.46974954
16.799999	0.52484673
16.806999	0.57779014
16.813999	0.71285772
16.820999	0.9040032
16.827999	1.5062668
16.834999	2.5380435
16.841999	4.0264482
16.849001	4.1679282
16.856001	2.4756525
16.863001	1.7812653
16.870001	1.8187099
16.877001	2.5557451
16.884001	3.5731907
16.891001	2.88065
16.898001	1.5981266
16.905001	0.9432531
16.912001	0.65596634
16.919001	0.57098937
16.926001	0.50018591
16.933001	0.51434714
16.940001	0.47323376
16.947001	0.54975885
16.954	0.49074575
16.961	0.49898443
16.968	0.58846241
16.975	0.49486786
16.982	0.47390708
16.989	0.51877767
16.996	0.56532091
17.003	0.72063863
17.01	0.78686917
17.017	1.0584425
17.024	1.6892908
17.031	3.0039616
17.038	5.3674459
17.045	6.8220577
17.052	4.3686109
17.059	2.2590935
17.066	1.3453133
17.073	0.88134462
17.08	0.72616839
17.087	0.69950324
17.094	0.64798337
17.101	0.60056734
17.108	0.58837646
17.115	0.61099035
17.122	0.66542667
17.129	0.7189157
17.136	0.92229265
17.143	1.4957083
17.15	2.6865664
17.157	4.5597229
17.164	5.1271996
17.171	3.0863996
17.177999	1.5781447
17.184999	0.93247968
17.191999	0.65323275
17.198999	0.51076186
17.205999	0.45741627
17.212999	0.45019826
17.219999	0.44687486
17.226999	0.38454753
17.233999	0.36180103
17.240999	0.40869525
17.247999	0.40904778
17.254999	0.39716518
17.261999	0.38535491
17.268999	0.33136815
17.275999	0.36768475
17.283001	0.36807516
17.290001	0.38170603
17.297001	0.39370775
17.304001	0.4537791
17.311001	0.41872975
17.318001	0.54801607
17.325001	0.63472968
17.332001	0.76743573
17.339001	1.2504594
17.346001	1.8297117
17.353001	2.9869688
17.360001	3.0387573
17.367001	1.8195385
17.374001	1.1222425
17.381001	0.76017869
17.388	0.57380408
17.395	0.55596924
17.402	0.50880527
17.409	0.45792663
17.416	0.55560958
17.423	0.62278491
17.43	0.70682311
17.437	0.84735137
17.444	1.0818858
17.451	1.526692
17.458	2.4104183
17.465	4.4249558
17.472	5.9405551
17.479	4.7177129
17.486	2.547225
17.493	1.580707
17.5	1.7049552
17.507	2.2076552
17.514	2.1566525
17.521	1.3216637
17.528	0.84884739
17.535	0.63234657
17.542	0.52635449
17.549	0.42632946
17.556	0.39327228
17.563	0.42259353
17.57	0.45779473
17.577	0.36945873
17.584	0.3431724
17.591	0.29935348
17.598	0.34282658
17.605	0.38362569
17.612	0.38345078
17.618999	0.35648561
17.625999	0.38588759
17.632999	0.41566673
17.639999	0.43355227
17.646999	0.7271347
17.653999	1.0794371
17.660999	1.5766994
17.667999	1.4284614
17.674999	0.86621153
17.681999	0.54625255
17.688999	0.50974679
17.695999	0.47743288
17.702999	0.40307096
17.709999	0.46437877
17.716999	0.35037798
17.724001	0.43662086
17.731001	0.43906286
17.738001	0.4766522
17.745001	0.59169686
17.752001	0.66412199
17.759001	0.85615689
17.766001	1.4221839
17.773001	2.2281268
17.780001	2.4879575
17.787001	1.6647377
17.794001	1.2922734
17.801001	1.5472368
17.808001	2.2831392
17.815001	2.9424562
17.822001	2.2417054
17.829	1.1885474
17.836	0.79947203
17.843	0.58111751
17.85	0.44732457
17.857	0.43992615
17.864	0.41000763
17.871	0.37303773
17.878	0.32747981
17.885	0.36642522
17.892	0.334286
17.899	0.33208308
17.906	0.32002729
17.913	0.37063333
17.92	0.35425943
17.927	0.31018659
17.934	0.24896848
17.941	0.3105078
17.948	0.30311346
17.955	0.33382356
17.962	0.42066544
17.969	0.33841226
17.976	0.47267076
17.983	0.42708349
17.99	0.45624822
17.997	0.46472549
18.004	0.50424469
18.011	0.50727254
18.018	0.54009825
18.025	0.62105978
18.032	0.57276553
18.039	0.65857023
18.046	0.81156611
18.052999	1.131191
18.059999	1.6286502
18.066999	2.7792218
18.073999	4.3421178
18.080999	4.5198417
18.087999	2.9427772
18.094999	2.0068879
18.101999	1.9554342
18.108999	2.42418
18.115999	2.849385
18.122999	2.0806375
18.129999	1.3175727
18.136999	0.98920459
18.143999	0.71880519
18.150999	0.6441049
18.158001	0.57721949
18.165001	0.59537935
18.172001	0.57022929
18.179001	0.61580896
18.186001	0.7032181
18.193001	0.62018359
18.200001	0.63572514
18.207001	0.62047935
18.214001	0.66537899
18.221001	0.72037232
18.228001	0.87747347
18.235001	1.1827772
18.242001	1.4918025
18.249001	2.4001718
18.256001	4.0659251
18.263	5.1244378
18.27	3.7580566
18.277	1.9190607
18.284	1.3129622
18.291	1.0268532
18.298	0.95381397
18.305	0.87369186
18.312	0.80448472
18.319	0.86228347
18.326	0.86747056
18.333	0.84008771
18.34	1.0366806
18.347	1.2755821
18.354	2.0020018
18.361	3.6082168
18.368	5.9665127
18.375	6.5003209
18.382	4.064209
18.389	2.1184032
18.396	1.3360891
18.403	0.9366948
18.41	0.86032289
18.417	0.65790617
18.424	0.55638742
18.431	0.60754633
18.438	0.58548331
18.445	0.49663243
18.452	0.62358767
18.459	0.61720973
18.466	0.58332735
18.473	0.49930713
18.48	0.46313754
18.487	0.51943767
18.493999	0.52156264
18.500999	0.62341148
18.507999	0.53581375
18.514999	0.6132313
18.521999	0.55746728
18.528999	0.57088012
18.535999	0.65656668
18.542999	0.71901739
18.549999	0.79022974
18.556999	0.85428506
18.563999	0.7255944
18.570999	0.6703797
18.577999	0.61514491
18.584999	0.53172261
18.591999	0.55473036
18.599001	0.56050175
18.606001	0.65377373
18.613001	0.65861982
18.620001	0.86722475
18.627001	0.81556273
18.634001	0.94158614
18.641001	1.2768486
18.648001	1.7970024
18.655001	2.9915166
18.662001	4.0473976
18.669001	3.4359713
18.676001	2.2425869
18.683001	1.9672279
18.690001	2.4832513
18.697001	3.2887697
18.704	2.9688203
18.711	1.8259549
18.718	1.1294565
18.725	0.86914521
18.732	0.63658738
18.739	0.62758946
18.746	0.58996713
18.753	0.67434525
18.76	0.70162284
18.767	0.68029618
18.774	0.70819598
18.781	0.75253397
18.788	0.72408122
18.795	0.71914887
18.802	0.74799538
18.809	0.82932985
18.816	1.0398372
18.823	1.4318067
18.83	2.4596534
18.837	3.9423709
18.844	4.6624489
18.851	2.9245992
18.858	1.5322541
18.865	1.0199668
18.872	0.83092844
18.879	0.6885559
18.886	0.61669534
18.893	0.60667747
18.9	0.6136663
18.907	0.61807972
18.914	0.57647395
18.921	0.68010509
18.927999	0.87195945
18.934999	1.2619679
18.941999	1.7495596
18.948999	2.163172
18.955999	1.6738179
18.962999	1.1847184
18.969999	0.98876816
18.976999	1.1122465
18.983999	1.2641848
18.990999	1.0059121
18.997999	0.82071894
19.004999	0.61979079
19.011999	0.65879869
19.018999	0.64635807
19.025999	0.57495463
19.033001	0.52745551
19.040001	0.54976755
19.047001	0.67266816
19.054001	0.50342512
19.061001	0.52770287
19.068001	0.54219979
19.075001	0.56168789
19.082001	0.59261149
19.089001	0.67319119
19.096001	0.63642806
19.103001	0.70787227
19.110001	1.1239942
19.117001	1.8235346
19.124001	2.523144
19.131001	2.1594636
19.138	1.3557084
19.145	0.95653546
19.152	0.79552948
19.159	0.74951565
19.166	0.76235461
19.173	0.70894414
19.18	0.75741857
19.187	0.78822339
19.194	0.84937006
19.201	0.88687456
19.208	1.2635331
19.215	1.920074
19.222	3.2287805
19.229	4.7056036
19.236	3.8511679
19.243	2.6053903
19.25	2.0349782
19.257	2.4520273
19.264	3.3660374
19.271	2.6137989
19.278	1.6073154
19.285	1.1456205
19.292	0.88226151
19.299	0.81622857
19.306	0.79395944
19.313	0.71130669
19.32	0.67656827
19.327	0.7580511
19.334	0.69106579
19.341	0.62986851
19.348	0.54508889
19.355	0.62042165
19.362	0.66792959
19.368999	0.71335512
19.375999	0.80632633
19.382999	1.0066625
19.389999	1.3302515
19.396999	1.867202
19.403999	2.2022464
19.410999	1.7748659
19.417999	1.1809642
19.424999	0.82747245
19.431999	0.79641277
19.438999	0.65104032
19.445999	0.62985629
19.452999	0.67851001
19.459999	0.62659198
19.466999	0.69031364
19.474001	0.78636593
19.481001	0.88821793
19.488001	0.92707461
19.495001	1.4317034
19.502001	2.2160811
19.509001	2.7081895
19.516001	1.8909734
19.523001	1.1725
19.530001	0.86100751
19.537001	0.73290431
19.544001	0.62008244
19.551001	0.54253507
19.558001	0.53974557
19.565001	0.58554357
19.572001	0.47606632
19.579	0.52007949
19.586	0.50669736
19.593	0.58448404
19.6	0.58333075
19.607	0.54801923
19.614	0.56414074
19.621	0.49205422
19.628	0.5686599
19.635	0.53379118
19.642	0.65686417
19.649	0.65812671
19.656	0.65125608
19.663	1.0173261
19.67	1.36506
19.677	1.7990721
19.684	1.6539923
19.691	1.0162784
19.698	0.73752201
19.705	0.69741058
19.712	0.72953159
19.719	0.8655988
19.726	0.68741065
19.733	0.73821723
19.74	0.87123853
19.747	0.80247641
19.754	0.99247921
19.761	1.2624522
19.768	1.8593353
19.775	2.8280485
19.782	3.4719133
19.789	2.6600869
19.796	1.7510521
19.802999	1.6103874
19.809999	1.8160518
19.816999	1.8853558
19.823999	1.3407515
19.830999	1.0190526
19.837999	0.91991985
19.844999	0.72620976
19.851999	0.74249005
19.858999	0.74442756
19.865999	0.7788319
19.872999	0.7164039
19.879999	0.86656195
19.886999	0.8970958
19.893999	0.92294234
19.900999	0.89316469
19.908001	0.89032787
19.915001	0.99167746
19.922001	1.2160718
19.929001	1.4399198
19.936001	2.3104336
19.943001	3.6166294
19.950001	4.7577548
19.957001	3.8850796
19.964001	2.2603986
19.971001	1.5478902
19.978001	1.2476298
19.985001	1.172392
19.992001	1.0062106
19.999001	1.0463468
20.006001	1.0998194
20.013	1.1596026
20.02	1.3498951
20.027	1.5592006
20.034	2.1482806
20.041	3.589963
20.048	5.4735765
20.055	5.2478747
20.062	3.3978975
20.069	2.228128
20.076	2.0498037
20.083	2.1693852
20.09	1.8355681
20.097	1.3414677
20.104	1.1040204
20.111	0.93737847
20.118	0.8717593
20.125	0.77987897
20.132	0.734954
20.139	0.75215912
20.146	0.70163113
20.153	0.80426115
20.16	0.71340203
20.167	0.61971706
20.174	0.71214402
20.181	0.64092422
20.188	0.77469748
20.195	0.68092841
20.202	0.84600329
20.209	1.0597405
20.216	1.4146732
20.223	1.3650836
20.23	1.0682151
20.237	0.8557409
20.243999	0.90023863
20.250999	0.74359488
20.257999	0.66917533
20.264999	0.75303626
20.271999	0.8270821
20.278999	0.75663227
20.285999	0.82472533
20.292999	1.0058203
20.299999	1.1171191
20.306999	1.7664149
20.313999	2.3343172
20.320999	2.4456871
20.327999	1.7535793
20.334999	1.7195663
20.341999	2.147058
20.349001	2.6858902
20.356001	2.3480034
20.363001	1.5388894
20.370001	0.9748913
20.377001	0.73449969
20.384001	0.61054337
20.391001	0.66945243
20.398001	0.62525231
20.405001	0.64831954
20.412001	0.55641735
20.419001	0.68777192
20.426001	0.63157767
20.433001	0.66754866
20.440001	0.85447097
20.447001	0.82074034
20.454	0.87117326
20.461	1.0153316
20.468	1.1584475
20.475	1.7311027
20.482	2.0151684
20.489	1.6078408
20.496	1.1089131
20.503	0.93040156
20.51	0.76673597
20.517	0.76417553
20.524	0.63326383
20.531	0.7538209
20.538	0.79858333
20.545	0.98334038
20.552	1.0984641
20.559	1.2698606
20.566	1.9455975
20.573	2.9933419
20.58	3.9128149
20.587	2.9567342
20.594	1.6801622
20.601	1.1365675
20.608	0.889718
20.615	0.81167579
20.622	0.80941314
20.629	0.64457166
20.636	0.62224495
20.643	0.65255421
20.65	0.60601926
20.657	0.68829638
20.664	0.70760536
20.671	0.67308199
20.677999	0.712686
20.684999	0.79369998
20.691999	0.73283434
20.698999	0.72229248
20.705999	0.64899385
20.712999	0.70699543
20.719999	0.76856208
20.726999	0.85908687
20.733999	1.1336628
20.740999	1.3067119
20.747999	1.2656929
20.754999	0.98192275
20.761999	0.82591647
20.768999	0.74019188
20.775999	0.69487888
20.783001	0.66560215
20.790001	0.73461509
20.797001	0.76645929
20.804001	0.84749264
20.811001	0.94419128
20.818001	1.0724343
20.825001	1.4243095
20.832001	2.2033768
20.839001	2.8115005
20.846001	2.4719791
20.853001	1.7924892
20.860001	1.8588712
20.867001	2.3713012
20.874001	2.5579896
20.881001	1.85551
20.888	1.0983666
20.895	0.93366933
20.902	0.80766422
20.909	0.76393932
20.916	0.76475215
20.923	0.70220774
20.93	0.85728818
20.937	0.77918243
20.944	0.67151797
20.951	0.60152221
20.958	0.58478373
20.965	0.60907149
20.972	0.72281086
20.979	0.91943455
20.986	1.138268
20.993	1.5513768
21	1.8575512
21.007	1.485528
21.014	1.0881085
21.021	0.83726084
21.028	0.66591668
21.035	0.78942299
21.042	0.68825805
21.049	0.76083219
21.056	0.82536381
21.063	0.89460939
21.07	0.9832471
21.077	1.0488492
21.084	1.3492273
21.091	1.9651105
21.098	2.2219529
21.105	1.717126
21.112	1.3867944
21.118999	1.782333
21.125999	2.1250749
21.132999	1.7292904
21.139999	1.215356
21.146999	1.0250802
21.153999	0.73717695
21.160999	0.78422391
21.167999	0.75660288
21.174999	0.74467158
21.181999	0.80186796
21.188999	0.83924592
21.195999	0.73763186
21.202999	0.75061828
21.209999	0.70029718
21.216999	0.77326232
21.224001	0.77909946
21.231001	0.82913929
21.238001	1.1436788
21.245001	1.3878112
21.252001	1.7523221
21.259001	1.6839385
21.266001	1.2451833
21.273001	1.0830874
21.280001	0.92784482
21.287001	0.84185177
21.294001	0.86012888
21.301001	0.88826382
21.308001	0.88722503
21.315001	0.98739797
21.322001	1.0486797
21.329	1.4321659
21.336	1.966666
21.343	3.1420038
21.35	3.58202
21.357	2.7262599
21.364	1.9226991
21.371	1.8128709
21.378	1.8613641
21.385	1.6725062
21.392	1.2381312
21.399	0.97421366
21.406	0.91281158
21.413	0.87876797
21.42	0.82400471
21.427	0.98518032
21.434	0.92322671
21.441	1.0375823
21.448	0.9543094
21.455	0.83241194
21.462	0.8766588
21.469	0.95230192
21.476	1.0892479
21.483	1.1447701
21.49	1.5422187
21.497	2.3132658
21.504	3.3125367
21.511	3.0905561
21.518	1.9168365
21.525	1.3260733
21.532	1.007059
21.539	0.88483894
21.546	1.0724218
21.552999	0.90174723
21.559999	0.98202288
21.566999	1.0750575
21.573999	1.0256937
21.580999	1.3870008
21.587999	1.881222
21.594999	2.7521017
21.601999	2.7410011
21.608999	1.9934998
21.615999	1.3707368
21.622999	1.0359502
21.629999	0.91947114
21.636999	0.91938931
21.643999	0.9751668
21.650999	0.72112805
21.658001	0.77672178
21.665001	0.87894869
21.672001	0.85397261
21.679001	0.94515508
21.686001	0.83496332
21.693001	0.88357806
21.700001	0.76258987
21.707001	0.878371
21.714001	0.83394694
21.721001	0.72951174
21.728001	0.82483071
21.735001	0.93712908
21.742001	1.0724561
21.749001	1.1855088
21.756001	1.165921
21.763	1.1102967
21.77	0.9823904
21.777	0.98023379
21.784	0.90286261
21.791	0.81317544
21.798	0.8143127
21.805	0.93534154
21.812	1.157342
21.819	1.1532484
21.826	1.1819404
21.833	1.6279929
21.84	2.1496303
21.847	2.6649413
21.854	2.3927243
21.861	2.0054412
21.868	2.2591887
21.875	2.7811372
21.882	2.6780844
21.889	1.8159492
21.896	1.3607541
21.903	1.1135268
21.91	0.8960315
21.917	0.88216531
21.924	0.92507613
21.931	0.89877778
21.938	0.81138128
21.945	0.7892828
21.952	1.0516016
21.959	1.0643145
21.966	1.0523561
21.973	1.1211776
21.98	1.4147694
21.987	1.7632035
21.993999	2.6438956
22.000999	3.1768942
22.007999	2.4717851
22.014999	1.4780637
22.021999	1.2134997
22.028999	1.1381377
22.035999	1.0465002
22.042999	1.0188279
22.049999	0.96560228
22.056999	1.0047673
22.063999	0.92141736
22.070999	1.1771508
22.077999	1.6558489
22.084999	2.0339119
22.091999	2.6987898
22.099001	2.1878512
22.106001	1.5946265
22.113001	1.3703036
22.120001	1.4764217
22.127001	1.3081295
22.134001	1.0714755
22.141001	0.85489875
22.148001	0.78716695
22.155001	0.85668677
22.162001	0.80653006
22.169001	0.79721498
22.176001	0.72743869
22.183001	0.99167478
22.190001	0.89981568
22.197001	0.91533977
22.204	0.76903951
22.211	0.72147501
22.218	0.78779411
22.225	0.74730974
22.232	0.75642186
22.239	0.8637169
22.246	0.77242464
22.253	0.7441662
22.26	0.84041733
22.267	0.82412982
22.274	0.92713135
22.281	0.8034761
22.288	0.83793676
22.295	0.81029922
22.302	0.96924835
22.309	1.1945599
22.316	1.5008134
22.323	2.3703475
22.33	3.3889592
22.337	3.4840953
22.344	2.4171336
22.351	1.7073896
22.358	1.5448728
22.365	1.5386324
22.372	1.2829535
22.379	1.0255376
22.386	0.79227537
22.393	1.0099519
22.4	0.9050712
22.407	1.0210578
22.414	0.87996316
22.421	0.86986017
22.427999	0.69018781
22.434999	0.89572263
22.441999	0.79154098
22.448999	0.86655492
22.455999	0.94791436
22.462999	1.1084551
22.469999	1.5151159
22.476999	2.001091
22.483999	2.4234421
22.490999	1.9735243
22.497999	1.3318228
22.504999	1.0203753
22.511999	1.0144005
22.518999	0.85769409
22.525999	0.7980985
22.533001	0.91710651
22.540001	0.85652822
22.547001	0.86841607
22.554001	0.97510386
22.561001	1.3481976
22.568001	1.5840342
22.575001	1.6552068
22.582001	1.3793743
22.589001	1.0684086
22.596001	0.79917669
22.603001	0.7620706
22.610001	0.73018318
22.617001	0.57300645
22.624001	0.70719892
22.631001	0.61777478
22.638	0.77154213
22.645	0.58702981
22.652	0.6612767
22.659	0.53219706
22.666	0.70505476
22.673	0.81665301
22.68	0.79238021
22.687	0.74255788
22.694	0.6943171
22.701	0.76361674
22.708	0.88583577
22.715	0.85812539
22.722	0.96365482
22.729	1.0028733
22.736	0.87550592
22.743	0.81322426
22.75	0.77592903
22.757	0.71902496
22.764	0.83882755
22.771	0.9402107
22.778	0.88461185
22.785	1.0321307
22.792	1.395003
22.799	1.7277474
22.806	2.3722863
22.813	2.432986
22.82	1.849939
22.827	1.3784597
22.834	1.4565173
22.841	1.4907779
22.848	1.2580166
22.855	1.0804833
22.862	0.9627322
22.868999	0.93628007
22.875999	0.74433213
22.882999	0.81790334
22.889999	0.78477144
22.896999	0.75203437
22.903999	0.97045159
22.910999	0.92386782
22.917999	0.89262694
22.924999	0.89916056
22.931999	0.92905575
22.938999	1.1443282
22.945999	1.7136744
22.952999	2.2276351
22.959999	2.3159094
22.966999	1.8923601
22.974001	1.4475133
22.981001	1.1105374
22.988001	0.9431628
22.995001	0.84679228
23.002001	0.92322695
23.009001	1.0436244
23.016001	1.1162755
23.023001	1.3738475
23.030001	1.7781317
23.037001	2.4754558
23.044001	3.4790699
23.051001	2.9494259
23.058001	1.9299642
23.065001	1.5445956
23.072001	1.6554692
23.079	1.4982879
23.086	1.2543994
23.093	1.1383059
23.1	0.8726666
23.107	0.89822704
23.114	0.77890444
23.121	0.97469389
23.128	0.90509218
23.135	1.0542599
23.142	0.99544495
23.149	0.8932336
23.156	0.87444448
23.163	0.88039666
23.17	0.98915285
23.177	0.99238265
23.184	1.0927598
23.191	1.2445068
23.198	1.1171176
23.205	0.90139246
23.212	0.95508677
23.219	0.8398084
23.226	0.75224364
23.233	0.94232064
23.24	0.88675892
23.247	0.93209243
23.254	0.89623225
23.261	1.1559265
23.268	1.0954645
23.275	1.5074883
23.282	1.5132451
23.289	1.3329856
23.296	2.009331
23.302999	2.4074762
23.309999	2.2796419
23.316999	1.5155967
23.323999	1.1292424
23.330999	0.99684638
23.337999	0.91603243
23.344999	0.89715868
23.351999	0.66981065
23.358999	0.86410332
23.365999	0.93627399
23.372999	0.87150401
23.379999	0.850384
23.386999	0.93526363
23.393999	0.67833322
23.400999	0.79328763
23.408001	1.0494161
23.415001	1.2876883
23.422001	1.5129528
23.429001	1.2574943
23.436001	1.0584028
23.443001	1.074471
23.450001	0.75454801
23.457001	0.89766556
23.464001	0.85442626
23.471001	0.86549842
23.478001	0.90195602
23.485001	1.0741715
23.492001	1.5873908
23.499001	1.8866447
23.506001	2.2896707
23.513	1.950012
23.52	1.3744596
23.527	0.99779415
23.534	0.93804359
23.541	0.99535096
23.548	0.79004103
23.555	0.73657
23.562	0.8500343
23.569	0.89914286
23.576	0.9129988
23.583	0.77591658
23.59	1.0851352
23.597	0.96489972
23.604	0.83958286
23.611	0.90251482
23.618	0.9648208
23.625	0.8228451
23.632	0.96866757
23.639	1.3440397
23.646	1.6495292
23.653	1.6514481
23.66	1.3347735
23.667	1.1837337
23.674	1.143989
23.681	1.0539945
23.688	0.87914634
23.695	1.0128297
23.702	1.0149862
23.709	1.1539595
23.716	1.5545003
23.723	2.1686425
23.73	3.0588033
23.737	3.1099613
23.743999	2.2748947
23.750999	1.8873037
23.757999	1.9253379
23.764999	1.7941338
23.771999	1.3811972
23.778999	1.1511741
23.785999	0.87905288
23.792999	0.95511615
23.799999	0.89194322
23.806999	0.98334479
23.813999	1.0245525
23.820999	0.79389077
23.827999	0.86237466
23.834999	0.86504287
23.841999	0.73975724
23.849001	0.99047482
23.856001	1.1050864
23.863001	1.2246943
23.870001	1.6003406
23.877001	1.8586707
23.884001	1.2553706
23.891001	1.0706946
23.898001	0.77367848
23.905001	1.0380404
23.912001	1.018736
23.919001	0.85384053
23.926001	0.88667327
23.933001	0.97689587
23.940001	1.0132531
23.947001	1.0702304
23.954	1.1688381
23.961	1.387411
23.968	1.1888869
23.975	1.2326663
23.982	1.4314051
23.989	1.4281635
23.996	1.2086771
24.003	1.0169588
24.01	0.92244273
24.017	0.78814
24.024	0.84074938
24.031	0.78979278
24.038	0.88345104
24.045	0.72577238
24.052	0.61793298
24.059	0.66353792
24.066	0.70303595
24.073	0.8170529
24.08	0.88947242
24.087	0.90757686
24.094	1.2090948
24.101	1.1512408
24.108	0.93361932
24.115	0.93135816
24.122	0.86457247
24.129	0.88365269
24.136	0.88140899
24.143	0.76561344
24.15	0.83116174
24.157	0.7676388
24.164	1.1207702
24.171	1.3314683
24.177999	1.7346427
24.184999	1.6646943
24.191999	1.4162537
24.198999	1.3438562
24.205999	1.3816814
24.212999	1.392206
24.219999	1.1503685
24.226999	0.8609634
24.233999	0.67592925
24.240999	0.69871563
24.247999	0.91955638
24.254999	0.81812871
24.261999	0.87325019
24.268999	0.75378674
24.275999	0.83464807
24.283001	0.72119117
24.290001	0.91845012
24.297001	0.9623518
24.304001	1.22501
24.311001	1.7888991
24.318001	2.3350487
24.325001	2.2537313
24.332001	1.5723863
24.339001	1.1305997
24.346001	1.1357856
24.353001	1.0921532
24.360001	0.91420919
24.367001	0.70918775
24.374001	0.79124236
24.381001	1.0412719
24.388	1.0299276
24.395	1.4570215
24.402	1.9532832
24.409	1.6241566
24.416	1.2755089
24.423	1.0192536
24.43	0.87024099
24.437	0.75555778
24.444	0.8710568
24.451	0.81544173
24.458	0.76503527
24.465	0.82214481
24.472	0.84536469
24.479	0.71481985
24.486	0.74526459
24.493	0.86286288
24.5	0.71912938
24.507	0.82504177
24.514	0.75688821
24.521	0.99379301
24.528	0.94221658
24.535	0.86009812
24.542	0.81078416
24.549	0.76430899
24.556	0.79956359
24.563	0.72450864
24.57	0.67921883
24.577	0.8181172
24.584	0.90820497
24.591	0.85079986
24.598	0.95800388
24.605	1.0875058
24.612	1.6824669
24.618999	2.0417516
24.625999	2.2582369
24.632999	1.7723515
24.639999	1.7823763
24.646999	1.6361468
24.653999	1.6540527
24.660999	1.3006597
24.667999	1.108168
24.674999	1.0068365
24.681999	0.94841009
24.688999	1.0138993
24.695999	0.78028506
24.702999	0.83723754
24.709999	0.76577061
24.716999	0.70799798
24.724001	0.79479975
24.731001	0.90672952
24.738001	1.1724342
24.745001	1.2850713
24.752001	1.7567329
24.759001	1.8508412
24.766001	1.5505011
24.773001	1.2642498
24.780001	1.1250145
24.787001	1.0899229
24.794001	0.7953248
24.801001	0.98214072
24.808001	0.99019045
24.815001	1.1595201
24.822001	1.2574636
24.829	1.8533492
24.836	2.1322176
24.843	2.2830877
24.85	1.7114267
24.857	1.4196273
24.864	1.3315097
24.871	1.3347988
24.878	1.0610031
24.885	0.85869724
24.892	0.84462374
24.899	1.0014403
24.906	0.83657861
24.913	0.81258172
24.92	0.92602557
24.927	1.0478419
24.934	0.97445267
24.941	0.9050405
24.948	1.030799
24.955	1.0202481
24.962	1.0835509
24.969	1.3384298
24.976	1.682372
24.983	1.2142231
24.99	1.2350531
24.997	1.0393176
25.004	0.98180598
25.011	0.85996753
25.018	0.98466325
25.025	1.2311147
25.032	1.1379222
25.039	1.2189438
25.046	1.6876785
25.052999	2.1486361
25.059999	2.3478973
25.066999	1.7480665
25.073999	1.8184049
25.080999	1.9577062
25.087999	1.503276
25.094999	1.2691282
25.101999	1.0428252
25.108999	0.96037799
25.115999	0.92692143
25.122999	1.0487136
25.129999	0.94920474
25.136999	0.85747284
25.143999	0.79239833
25.150999	0.97937131
25.158001	0.8749935
25.165001	1.1244925
25.172001	1.0962275
25.179001	1.2424465
25.186001	1.5732299
25.193001	1.7087103
25.200001	1.2137886
25.207001	0.93035161
25.214001	0.93060237
25.221001	0.90265399
25.228001	1.0112817
25.235001	1.0539885
25.242001	1.1468731
25.249001	1.0418807
25.256001	1.3909427
25.263	1.4768764
25.27	1.5340166
25.277	1.3439902
25.284	1.0775104
25.291	0.86297536
25.298	0.70295244
25.305	0.8147499
25.312	0.92915404
25.319	0.96984869
25.326	0.73195583
25.333	0.77310044
25.34	0.7720589
25.347	1.0347373
25.354	0.84610355
25.361	0.73793763
25.368	0.84509116
25.375	0.98168749
25.382	0.80433553
25.389	0.78194273
25.396	1.1551665
25.403	1.1280512
25.41	1.0910591
25.417	1.0362889
25.424	0.82927054
25.431	0.70369285
25.438	0.90995044
25.445	0.99984044
25.452	1.0032189
25.459	0.95334566
25.466	0.89170927
25.473	1.4484482
25.48	1.4849825
25.487	1.4543259
25.493999	1.2020597
25.500999	1.3464205
25.507999	1.383806
25.514999	1.1144447
25.521999	1.298092
25.528999	0.81952643
25.535999	0.86339056
25.542999	0.91377151
25.549999	0.99566418
25.556999	0.90677464
25.563999	0.86880016
25.570999	1.0905977
25.577999	1.0811045
25.584999	0.76839733
25.591999	0.96343195
25.599001	1.0949932
25.606001	1.4850414
25.613001	1.9370799
25.620001	1.5154797
25.627001	1.2024584
25.634001	1.0975746
25.641001	0.97565794
25.648001	0.98445892
25.655001	0.97753483
25.662001	1.0753595
25.669001	1.0343946
25.676001	1.4087299
25.683001	1.659552
25.690001	2.302295
25.697001	2.0346103
25.704	1.6134751
25.711	1.3542992
25.718	1.3009126
25.725	1.2006912
25.732	1.0395675
25.739	0.91436559
25.746	0.93755257
25.753	0.90686351
25.76	0.99035299
25.767	0.93457788
25.774	0.78356516
25.781	0.70195425
25.788	0.66638571
25.795	0.65182072
25.802	0.51754105
25.809	0.66857827
25.816	0.87580776
25.823	0.76202387
25.83	0.5728271
25.837	0.7125935
25.844	0.82038832
25.851	0.94776696
25.858	1.1187238
25.865	1.0673009
25.872	0.71995699
25.879	0.84862584
25.886	0.98573834
25.893	1.0678371
25.9	1.3680493
25.907	1.5069107
25.914	1.3383178
25.921	1.5812405
25.927999	1.5039803
25.934999	1.3407822
25.941999	1.0229951
25.948999	1.0213468
25.955999	0.92088646
25.962999	0.84416997
25.969999	0.69134158
25.976999	0.88790351
25.983999	0.92366403
25.990999	0.87539315
25.997999	1.0576321
26.004999	1.0532528
26.011999	1.1292548
26.018999	1.5474206
26.025999	1.8909903
26.033001	1.7388024
26.040001	1.344722
26.047001	1.0880994
26.054001	0.88582879
26.061001	0.83174878
26.068001	0.78402644
26.075001	0.99642509
26.082001	0.86142057
26.089001	1.0843196
26.096001	1.242275
26.103001	1.3130052
26.110001	1.3158362
26.117001	1.0930934
26.124001	0.99389195
26.131001	0.82288277
26.138	1.1412269
26.145	1.1136191
26.152	0.8499189
26.159	0.83496821
26.166	0.63136721
26.173	0.67754757
26.18	0.60252166
26.187	0.65766734
26.194	0.90876323
26.201	0.86043453
26.208	0.71041846
26.215	0.75843453
26.222	0.7356056
26.229	0.94209027
26.236	1.0674059
26.243	0.77825117
26.25	0.81391162
26.257	0.93657035
26.264	0.86490011
26.271	0.92204791
26.278	0.88074988
26.285	1.0651939
26.292	1.1064368
26.299	1.2786723
26.306	1.5652351
26.313	1.5719886
26.32	1.4162962
26.327	1.3099785
26.334	1.4667413
26.341	1.5170404
26.348	1.1517814
26.355	1.2623689
26.362	1.1347367
26.368999	1.0717603
26.375999	0.93350106
26.382999	0.82830763
26.389999	0.99391919
26.396999	0.92575711
26.403999	1.0798204
26.410999	0.93494844
26.417999	0.92965001
26.424999	0.82342416
26.431999	0.99905533
26.438999	1.1458203
26.445999	1.0045286
26.452999	0.82267517
26.459999	1.0871251
26.466999	0.66918141
26.474001	0.76040494
26.481001	0.84417111
26.488001	0.97216165
26.495001	0.86357749
26.502001	1.1268501
26.509001	1.3928586
26.516001	1.621924
26.523001	1.510107
26.530001	1.3744978
26.537001	1.372859
26.544001	1.0196018
26.551001	1.2343713
26.558001	0.93356341
26.565001	1.118802
26.572001	0.82863432
26.579	0.91895473
26.586	0.82184488
26.593	0.7693395
26.6	0.98763013
26.607	0.84347486
26.614	0.95859092
26.621	1.1648171
26.628	0.94554251
26.635	1.1273423
26.642	1.338149
26.649	1.1827617
26.656	0.89140964
26.663	0.93193626
26.67	0.9303053
26.677	0.72834504
26.684	0.9367882
26.691	0.97914577
26.698	1.1581285
26.705	1.4321798
26.712	1.7637765
26.719	1.753575
26.726	1.6953946
26.733	1.3448486
26.74	1.0667025
26.747	1.1756147
26.754	1.3399006
26.761	1.0396703
26.768	1.057633
26.775	0.86841321
26.782	1.2892457
26.789	0.70112014
26.796	0.84112948
26.802999	1.0820915
26.809999	1.1835598
26.816999	1.093475
26.823999	1.2526493
26.830999	1.5318663
26.837999	1.9524286
26.844999	1.862846
26.851999	1.3769009
26.858999	1.181977
26.865999	0.93890977
26.872999	0.75033402
26.879999	0.88207185
26.886999	1.0824039
26.893999	1.2231395
26.900999	1.365639
26.908001	1.4800613
26.915001	1.8601483
26.922001	1.7942233
26.929001	1.5336626
26.936001	1.0270542
26.943001	0.95627189
26.950001	0.8110407
26.957001	0.83198911
26.964001	0.78334486
26.971001	0.75999093
26.978001	0.94684678
26.985001	0.99282891
26.992001	0.96946573
26.999001	1.0008862
27.006001	1.0433435
27.013	0.99115461
27.02	0.83656132
27.027	0.7526598
27.034	1.0456735
27.041	1.2263086
27.048	1.0555058
27.055	1.1802802
27.062	0.90753901
27.069	0.93381548
27.076	0.88757789
27.083	0.87726706
27.09	0.88802177
27.097	1.1713468
27.104	1.1666936
27.111	1.0676758
27.118	1.4267399
27.125	1.3562692
27.132	1.1568605
27.139	1.4317877
27.146	1.2019498
27.153	1.3382336
27.16	0.99802148
27.167	0.84617662
27.174	0.67817485
27.181	0.71600598
27.188	0.86987591
27.195	0.69064897
27.202	0.90366596
27.209	1.0546831
27.216	0.81072408
27.223	1.0996028
27.23	1.1955855
27.237	1.3334297
27.243999	1.066584
27.250999	1.0775524
27.257999	0.81745589
27.264999	0.8427825
27.271999	0.67741513
27.278999	0.73745579
27.285999	0.96633172
27.292999	0.99874425
27.299999	1.1346589
27.306999	1.1737114
27.313999	1.1678848
27.320999	1.2978848
27.327999	0.95124006
27.334999	1.1612681
27.341999	1.0428123
27.349001	1.105792
27.356001	0.73168164
27.363001	0.8412689
27.370001	1.0881182
27.377001	0.98438495
27.384001	0.73711401
27.391001	0.63388968
27.398001	0.61596966
27.405001	0.94128418
27.412001	0.90407866
27.419001	0.9078455
27.426001	0.65330619
27.433001	1.2669938
27.440001	0.85337317
27.447001	0.96820354
27.454	0.57855392
27.461	0.97908777
27.468	0.94069213
27.475	0.94886315
27.482	1.0755565
27.489	1.0117147
27.496	1.2268789
27.503	1.5486083
27.51	1.536401
27.517	1.3744831
27.524	1.1523426
27.531	1.1861895
27.538	1.2985556
27.545	1.2767894
27.552	0.85638446
27.559	0.72055608
27.566	0.93497449
27.573	0.89491946
27.58	0.75755018
27.587	0.99374336
27.594	0.95387208
27.601	0.68715215
27.608	0.92841005
27.615	0.80364758
27.622	0.88394594
27.629	1.1163745
27.636	1.075411
27.643	0.98101664
27.65	0.99032575
27.657	0.86545885
27.664	0.8959437
27.671	1.0243796
27.677999	0.76732272
27.684999	1.1528928
27.691999	0.96486777
27.698999	1.0650702
27.705999	1.2129215
27.712999	1.3965904
27.719999	0.96486098
27.726999	1.1195503
27.733999	1.2922963
27.740999	0.88975745
27.747999	1.1676974
27.754999	1.0409467
27.761999	0.84865052
27.768999	0.76435465
27.775999	1.0345821
27.783001	0.80658591
27.790001	0.95479572
27.797001	0.80709898
27.804001	0.82963789
27.811001	1.1124901
27.818001	1.0667751
27.825001	0.82263774
27.832001	0.83207291
27.839001	1.1441157
27.846001	0.91367757
27.853001	0.81785828
27.860001	0.92993122
27.867001	0.86279035
27.874001	0.9750734
27.881001	1.3124311
27.888	1.2443466
27.895	1.3939706
27.902	1.6547278
27.909	1.465358
27.916	1.0918595
27.923	1.2326878
27.93	1.1270607
27.937	1.2227597
27.944	0.85285634
27.951	0.99541759
27.958	1.0872818
27.965	0.74956793
27.972	0.64874226
27.979	1.1785738
27.986	0.99525064
27.993	1.1016039
28	1.3865559
28.007	1.3270761
28.014	1.7077639
28.021	1.7618316
28.028	1.553728
28.035	1.0821773
28.042	0.87488568
28.049	0.84359568
28.056	1.0765401
28.063	0.98680228
28.07	1.132157
28.077	1.3063699
28.084	1.5268784
28.091	1.4564723
28.098	1.6090883
28.105	1.3671274
28.112	1.36067
28.118999	1.0606259
28.125999	1.0422039
28.132999	0.86392486
28.139999	0.94407618
28.146999	0.84593242
28.153999	0.90133512
28.160999	0.87609631
28.167999	1.1244534
28.174999	0.73802263
28.181999	0.88434249
28.188999	1.0151134
28.195999	1.1582552
28.202999	1.086171
28.209999	1.145633
28.216999	0.97596353
28.224001	0.7079649
28.231001	0.81698722
28.238001	1.0872592
28.245001	1.0777434
28.252001	0.85668093
28.259001	0.85440183
28.266001	0.78255385
28.273001	1.2081721
28.280001	1.3379908
28.287001	1.4171805
28.294001	1.359072
28.301001	1.4925495
28.308001	1.4809862
28.315001	1.4681133
28.322001	1.1691759
28.329	0.99140513
28.336	0.91290528
28.343	1.0633463
28.35	1.1513909
28.357	1.1856178
28.364	1.1850002
28.371	1.1075485
28.378	0.69807243
28.385	1.1171514
28.392	1.2955275
28.399	1.2834653
28.406	1.2034407
28.413	1.1564907
28.42	1.0559093
28.427	1.0711055
28.434	0.85302413
28.441	1.2166364
28.448	1.0006981
28.455	0.92812556
28.462	1.0876217
28.469	1.1305523
28.476	1.0775673
28.483	0.88201183
28.49	1.0001523
28.497	0.88003361
28.504	0.80322427
28.511	0.85831612
28.518	0.81023842
28.525	1.1059184
28.532	0.79599619
28.539	0.97162193
28.546	0.79951096
28.552999	0.68441397
28.559999	0.70497733
28.566999	0.82291067
28.573999	0.77919209
28.580999	0.87523806
28.587999	1.1309173
28.594999	1.1681273
28.601999	1.2917434
28.608999	1.1806104
28.615999	0.48259178
28.622999	0.98126823
28.629999	1.1347811
28.636999	0.7342152
28.643999	1.0780549
28.650999	1.1704369
28.658001	1.809341
28.665001	1.7657934
28.672001	1.3555921
28.679001	1.1882411
28.686001	1.0701671
28.693001	0.88039678
28.700001	0.87244749
28.707001	0.89249831
28.714001	0.75417209
28.721001	0.90319359
28.728001	0.92871535
28.735001	1.0570101
28.742001	1.0171562
28.749001	1.2207729
28.756001	0.70711035
28.763	1.1233046
28.77	1.1325175
28.777	1.0926468
28.784	1.1071609
28.791	1.1365397
28.798	0.89524227
28.805	1.2012426
28.812	1.0666234
28.819	0.70014149
28.826	0.75010931
28.833	1.2086489
28.84	1.0112071
28.847	1.0592909
28.854	1.1159935
28.861	0.95750076
28.868	1.2655535
28.875	1.0690172
28.882	1.2284042
28.889	0.73065329
28.896	0.77889562
28.903	0.89535797
28.91	0.79199225
28.917	0.64462548
28.924	0.83413887
28.931	0.67633015
28.938	0.66252697
28.945	0.89938545
28.952	0.79641688
28.959	0.63475323
28.966	0.79369283
28.973	0.73979557
28.98	0.59215873
28.987	0.82778829
28.993999	0.65787584
29.000999	0.89543909
29.007999	0.71406555
29.014999	0.76115739
29.021999	1.2666522
29.028999	1.1357225
29.035999	1.1746398
29.042999	1.2126093
29.049999	1.1444423
29.056999	0.90054965
29.063999	1.1067224
29.070999	1.012338
29.077999	0.97655553
29.084999	1.1742797
29.091999	0.72400212
29.099001	0.55785
29.106001	0.95825183
29.113001	0.60390216
29.120001	0.89065927
29.127001	0.6837914
29.134001	1.091843
29.141001	1.1348255
29.148001	1.1865832
29.155001	0.87453038
29.162001	0.75673652
29.169001	0.76546031
29.176001	0.74834132
29.183001	1.0206294
29.190001	0.74687302
29.197001	0.72357982
29.204	1.0572296
29.211	1.3291135
29.218	1.6085669
29.225	1.2589364
29.232	0.98238587
29.239	0.7775588
29.246	0.7852596
29.253	1.0112593
29.26	0.80254692
29.267	0.86393404
29.274	0.80361581
29.281	0.95125473
29.288	0.92430812
29.295	1.0991403
29.302	1.020342
29.309	1.0451046
29.316	1.1065533
29.323	0.94726849
29.33	0.69964617
29.337	0.78991657
29.344	0.6903792
29.351	0.66072077
29.358	0.71589518
29.365	0.50961423
29.372	0.61082953
29.379	0.87126702
29.386	0.87751085
29.393	1.0126562
29.4	1.2338575
29.407	0.91452777
29.414	0.9108175
29.421	1.3114694
29.427999	1.1835538
29.434999	0.83227885
29.441999	0.50957084
29.448999	0.73097551
29.455999	0.83085549
29.462999	0.7153573
29.469999	1.3087525
29.476999	0.99237192
29.483999	0.55869067
29.490999	1.0124202
29.497999	0.83930719
29.504999	1.0341222
29.511999	1.2602751
29.518999	0.88608599
29.525999	0.61259043
29.533001	0.74787724
29.540001	0.70850044
29.547001	0.6470508
29.554001	0.77399158
29.561001	0.91514969
29.568001	0.91460901
29.575001	1.3439841
29.582001	0.98947644
29.589001	0.98765647
29.596001	0.89725071
29.603001	0.92199826
29.610001	0.66530365
29.617001	0.78276438
29.624001	0.81680703
29.631001	0.95328867
29.638	0.76024216
29.645	0.55614668
29.652	0.35674343
29.659	0.59345007
29.666	0.57974237
29.673	0.53678781
29.68	0.78737158
29.687	0.89857203
29.694	0.82920301
29.701	0.51669163
29.708	0.81492049
29.715	0.83440018
29.722	0.78513432
29.729	0.65992743
29.736	1.2478104
29.743	1.237138
29.75	0.93383503
29.757	1.2678941
29.764	1.5100529
29.771	1.0859156
29.778	0.98954636
29.785	1.0931666
29.792	0.71390688
29.799	0.8480624
29.806	0.91357797
29.813	0.71902722
29.82	1.3621541
29.827	0.91731131
29.834	1.017822
29.841	0.97808832
29.848	0.96137375
29.855	0.87314928
29.862	1.1088369
29.868999	0.75720686
29.875999	0.88901132
29.882999	0.74601489
29.889999	0.86100626
29.896999	0.72887182
29.903999	0.80154735
29.910999	1.1924613
29.917999	0.68420541
29.924999	0.96598923
29.931999	0.92259371
29.938999	0.63709468
29.945999	0.84276003
29.952999	1.4178163
29.959999	0.92893434
29.966999	1.0755234
29.974001	0.7450645
29.981001	0.6409151
29.988001	0.61336476
29.995001	0.83847064
30.002001	0.9810577
30.009001	0.75106651
30.016001	0.65771759
30.023001	0.65168536
30.030001	0.25631776
30.037001	0.7915194
30.044001	0.89479977
30.051001	0.68268967
30.058001	0.70763564
30.065001	1.0283465
30.072001	1.2580382
30.079	0.90923125
30.086	0.46312317
30.093	0.19494154
30.1	0.859478
30.107	0.98353589
30.114	1.0863062
30.121	1.1340299
30.128	1.1700302
30.135	0.85871214
30.142	1.2856712
30.149	0.99563068
30.156	0.94152105
30.163	0.52022904
30.17	0.6927585
30.177	0.52241361
30.184	0.82729816
30.191	0.7029193
30.198	0.77926064
30.205	0.74739671
30.212	0.79067284
30.219	1.0512334
30.226	1.2164588
30.233	1.1605054
30.24	0.72937047
30.247	0.59556252
30.254	0.76671201
30.261	1.0191609
30.268	0.61506468
30.275	0.84548074
30.282	0.98551905
30.289	0.50601172
30.296	0.89368123
30.302999	1.1580762
30.309999	0.68405926
30.316999	0.73392457
30.323999	0.95012093
30.330999	0.8273837
30.337999	0.74660486
30.344999	0.62447184
30.351999	0.64083976
30.358999	0.76732177
30.365999	0.96460903
30.372999	0.87883133
30.379999	0.81379932
30.386999	0.62676668
30.393999	0.61637068
30.400999	1.2277416
30.408001	0.57053393
30.415001	0.61755955
30.422001	0.58422434
30.429001	0.39079422
30.436001	0.73950255
30.443001	0.99985075
30.450001	1.0369443
30.457001	0.72846425
30.464001	1.1839378
30.471001	0.90031493
30.478001	1.1511797
30.485001	0.9513095
30.492001	1.0404476
30.499001	1.117768
30.506001	0.79528934
30.513	0.78847444
30.52	0.74105263
30.527	0.84313363
30.534	0.8547188
30.541	0.89371496
30.548	0.99522436
30.555	0.91585177
30.562	0.80033612
30.569	0.96466583
30.576	0.65952897
30.583	0.95277661
30.59	0.97465008
30.597	1.0104133
30.604	0.83243185
30.611	0.90238661
30.618	0.887613
30.625	1.0410963
30.632	1.0887964
30.639	0.9554038
30.646	1.1853484
30.653	1.4660256
30.66	1.1904137
30.667	0.84916359
30.674	0.66511226
30.681	0.79604805
30.688	0.82906342
30.695	1.00282
30.702	1.1613559
30.709	0.70989072
30.716	0.4115715
30.723	0.38158083
30.73	0.79376084
30.737	0.64900851
30.743999	0.93337435
30.750999	0.72654969
30.757999	0.89936841
30.764999	0.76720297
30.771999	0.97169733
30.778999	1.2600199
30.785999	0.93161756
30.792999	0.62223977
30.799999	0.80514985
30.806999	0.97119272
30.813999	0.91250879
30.820999	0.91149098
30.827999	1.0109125
30.834999	1.376843
30.841999	0.58601165
30.849001	1.0009681
30.856001	0.98044211
30.863001	0.93889511
30.870001	1.0822568
30.877001	0.79658991
30.884001	0.65773261
30.891001	1.0935203
30.898001	0.468447
30.905001	0.76044697
30.912001	0.52690566
30.919001	0.70993388
30.926001	0.75818837
30.933001	1.2381723
30.940001	0.97267812
30.947001	0.87480193
30.954	0.68309116
30.961	0.93699944
30.968	1.1728195
30.975	0.73111653
30.982	0.81593013
30.989	0.97852749
30.996	0.77748859
31.003	0.88801086
31.01	1.2130527
31.017	1.0097619
31.024	0.84676653
31.031	1.1519405
31.038	1.0409683
31.045	1.2107669
31.052	0.65076846
31.059	0.67697495
31.066	0.64733434
31.073	0.93806064
31.08	1.3056437
31.087	0.9640308
31.094	0.96314418
31.101	0.95272726
31.108	0.79511946
31.115	1.1130269
31.122	0.60927653
31.129	0.57474494
31.136	1.0440787
31.143	0.93526882
31.15	0.7783702
31.157	1.2216769
31.164	1.1806495
31.171	0.96588033
31.177999	0.84042102
31.184999	0.9571529
31.191999	0.92277461
31.198999	1.0371047
31.205999	1.2039651
31.212999	0.86840314
31.219999	0.65905434
31.226999	0.73326218
31.233999	0.90514845
31.240999	1.109612
31.247999	0.57631433
31.254999	0.58189321
31.261999	0.92902046
31.268999	0.90396518
31.275999	0.75262153
31.283001	1.1058633
31.290001	0.84256256
31.297001	1.1364343
31.304001	0.70935273
31.311001	0.88130653
31.318001	0.95745689
31.325001	1.4420598
31.332001	1.3033289
31.339001	1.2867516
31.346001	1.5315069
31.353001	1.3685944
31.360001	0.7877866
31.367001	1.0261594
31.374001	1.063946
31.381001	1.190909
31.388	1.2211441
31.395	0.74041826
31.402	0.65590405
31.409	0.8898108
31.416	0.90579379
31.423	0.82269436
31.43	0.68410462
31.437	0.38099185
31.444	0.77924031
31.451	0.20649551
31.458	0.3818903
31.465	1.1754006
31.472	0.86703235
31.479	1.1665231
31.486	1.0708722
31.493	0.85967898
31.5	1.0499698
31.507	1.013198
31.514	1.0144025
31.521	1.038911
31.528	1.0691864
31.535	1.397034
31.542	0.99673903
31.549	1.206919
31.556	0.78309298
31.563	0.78365558
31.57	0.53220516
31.577	1.1865722
31.584	1.3552068
31.591	1.0406085
31.598	1.0771278
31.605	0.89678532
31.612	0.63593328
31.618999	0.78132129
31.625999	0.96378005
31.632999	0.60822636
31.639999	1.025514
31.646999	0.81885833
31.653999	0.50734168
31.660999	0.44586194
31.667999	1.0093306
31.674999	0.53737795
31.681999	1.1465245
31.688999	0.58131063
31.695999	0.67433321
31.702999	0.86104405
31.709999	0.80818427
31.716999	1.1678449
31.724001	1.0086238
31.731001	0.78127652
31.738001	1.1301618
31.745001	1.2528974
31.752001	0.84605551
31.759001	0.76036829
31.766001	0.59953767
31.773001	0.82675463
31.780001	0.82492352
31.787001	1.1033261
31.794001	1.0501379
31.801001	1.2510155
31.808001	0.81648135
31.815001	0.61882222
31.822001	1.0780524
31.829	0.45420563
31.836	0.62352371
31.843	0.81198907
31.85	1.1339417
31.857	1.121142
31.864	1.1935154
31.871	1.0390172
31.878	1.324474
31.885	1.0010159
31.892	1.184443
31.899	1.1756636
31.906	1.0043354
31.913	1.3601813
31.92	0.89292848
31.927	0.76096052
31.934	0.76761246
31.941	0.97626328
31.948	0.85826606
31.955	1.2190266
31.962	1.3728179
31.969	0.84184563
31.976	0.96080297
31.983	0.89013386
31.99	0.94248229
31.997	0.46085876
32.004002	0.89209682
32.011002	1.0112388
32.018002	0.78834307
32.025002	1.1778406
32.032001	1.1328822
32.039001	0.95389706
32.046001	0.50538975
32.053001	0.74879134
32.060001	0.81843901
32.067001	0.53018904
32.074001	0.61701798
32.081001	0.54246491
32.088001	0.92542946
32.095001	1.0258843
32.102001	0.79426301
32.109001	0.58799148
32.116001	0.45732096
32.123001	0.67042524
32.130001	1.0473907
32.137001	1.0523908
32.144001	0.39648226
32.151001	0.91364402
32.158001	1.1624674
32.165001	0.35934871
32.172001	1.0400441
32.179001	0.91805786
32.186001	1.1685337
32.193001	1.1108968
32.200001	0.80732507
32.207001	1.4999825
32.214001	0.86609787
32.221001	1.1644793
32.228001	0.65323228
32.235001	0.90948093
32.242001	0.41284671
32.249001	0.8059532
32.256001	1.121611
32.263	1.5348737
32.27	0.79209203
32.277	0.71055263
32.284	0.71231973
32.291	1.2595292
32.298	0.95084721
32.305	1.2640418
32.312	1.3340034
32.319	0.90413845
32.326	0.81221223
32.333	1.0214006
32.34	0.82358217
32.347	0.71194738
32.354	0.94788444
32.361	1.1945515
32.368	1.0059211
32.375	1.0475395
32.382	0.74355471
32.389	0.6880731
32.396	0.62716389
32.403	0.98941994
32.41	0.9269653
32.417	0.9789865
32.424	0.50851029
32.431	0.72129685
32.438	0.5197134
32.445	0.79763246
32.452	1.1923327
32.459	1.0193881
32.466	1.1107303
32.473	1.3781333
32.48	1.3760539
32.487	0.93737274
32.493999	0.87674731
32.500999	0.85605526
32.507999	0.63024807
32.514999	0.51355588
32.521999	0.52224314
32.528999	0.61291021
32.535999	1.0893017
32.542999	0.65122944
32.549999	0.56658483
32.556999	0.31892475
32.563999	0.89879638
32.570999	0.56693345
32.577999	0.88321996
32.584999	1.1628133
32.591999	1.0847193
32.598999	0.95865047
32.605999	1.2914495
32.612999	1.0613828
32.619999	1.2659113
32.626999	0.54441512
32.633999	0.46672252
32.640999	0.69803345
32.647999	0.4221673
32.654999	0.57457376
32.661999	0.6368553
32.668999	0.89626187
32.675999	0.98445517
32.682999	0.85233492
32.689999	0.94759637
32.696999	0.86873972
32.703999	0.79609966
32.710999	0.93894005
32.717999	0.5814479
32.724998	0.80317843
32.731998	0.68416291
32.738998	0.57800096
32.745998	0.66446704
32.752998	0.8739754
32.759998	1.1505601
32.766998	0.79905647
32.773998	0.62280703
32.780998	0.78802979
32.787998	0.49690774
32.794998	0.88389409
32.801998	0.94107693
32.808998	0.55153012
32.816002	0.48368183
32.823002	0.70251161
32.830002	0.97041476
32.837002	1.4808809
32.844002	0.91015208
32.851002	1.0865245
32.858002	0.96285754
32.865002	0.71254969
32.872002	0.57926667
32.879002	0.85175472
32.886002	0.67368764
32.893002	1.1356052
32.900002	0.94345397
32.907001	0.5709489
32.914001	0.88331062
32.921001	1.1637547
32.928001	1.2765232
32.935001	0.95080578
32.942001	0.42239508
32.949001	0.4977054
32.956001	1.1302541
32.963001	0.78949052
32.970001	0.78913498
32.977001	0.74053746
32.984001	0.59428227
32.991001	0.89775693
32.998001	0.26443946
33.005001	0.57716566
33.012001	0.8678301
33.019001	0.85796881
33.026001	0.99626011
33.033001	0.9168787
33.040001	0.94616389
33.047001	0.75628674
33.054001	0.81731981
33.061001	0.77267951
33.068001	1.4878482
33.075001	0.78091556
33.082001	0.94405431
33.089001	0.45662305
33.096001	0.57280993
33.103001	1.0693427
33.110001	0.74335068
33.117001	0.51113367
33.124001	0.87486839
33.131001	0.61812764
33.138	1.156608
33.145	0.83278805
33.152	0.78027248
33.159	0.8738445
33.166	0.28300458
33.173	1.2465942
33.18	1.2805755
33.187	0.84532094
33.194	0.92390192
33.201	1.1696314
33.208	1.0676619
33.215	0.56476122
33.222	1.5371981
33.229	0.85123074
33.236	0.74520367
33.243	0.60412681
33.25	0.27468178
33.257	0.64401513
33.264	1.0922698
33.271	0.4807319
33.278	0.94334602
33.285	1.140272
33.292	0.43103552
33.299	1.0334145
33.306	1.411714
33.313	0.72292775
33.32	1.1050961
33.327	0.35990399
33.334	0.89992481
33.341	0.95212048
33.348	1.0087343
33.355	0.57368273
33.362	1.1035681
33.368999	0.89442837
33.375999	0.88555521
33.382999	0.97427785
33.389999	0.18485679
33.396999	0.80089229
33.403999	0.53352702
33.410999	1.0604644
33.417999	0.54635102
33.424999	0.56834209
33.431999	0.70443422
33.438999	0.86635655
33.445999	0.66793835
33.452999	0.62826854
33.459999	0.5581609
33.466999	0.69697964
33.473999	0.81991196
33.480999	0.65341008
33.487999	0.32868415
33.494999	0.41566661
33.501999	0.79842371
33.508999	0.5076527
33.515999	1.1511859
33.522999	0.89954501
33.529999	0.99694157
33.536999	0.97371852
33.543999	1.0243994
33.550999	1.2246859
33.557999	0.63159573
33.564999	1.1701431
33.571999	0.3447957
33.578999	1.1242734
33.585999	0.63755429
33.592999	0.52891743
33.599998	0.98827744
33.606998	1.1713779
33.613998	0.56523448
33.620998	0.32847798
33.627998	0.82948416
33.634998	0.82306415
33.641998	0.79999477
33.648998	0.61228663
33.655998	1.1444625
33.662998	1.2637049
33.669998	0.93207133
33.676998	1.3690358
33.683998	0.95111066
33.691002	1.1443344
33.698002	0.47668079
33.705002	0.93732077
33.712002	1.2292562
33.719002	0.62380415
33.726002	0.78047878
33.733002	1.203241
33.740002	0.45723742
33.747002	0.52460331
33.754002	0.6017192
33.761002	0.6572721
33.768002	0.86069638
33.775002	0.35471362
33.782001	0.69377112
33.789001	0.83421159
33.796001	0.23064859
33.803001	1.2621419
33.810001	0.6392293
33.817001	1.0967475
33.824001	0.89125776
33.831001	0.95229894
33.838001	0.63823688
33.845001	0.73801434
33.852001	0.95139331
33.859001	0.53866774
33.866001	0.52984834
33.873001	0.47657788
33.880001	0.51041567
33.887001	0.78069901
33.894001	1.278908
33.901001	0.71748424
33.908001	0.5462293
33.915001	0.96618503
33.922001	1.1505924
33.929001	0.56928068
33.936001	1.2845743
33.943001	0.747729
33.950001	0.93264425
33.957001	1.1524664
33.964001	0.50887305
33.971001	0.68614233
33.978001	0.85698473
33.985001	0.94198608
33.992001	1.1335646
33.999001	1.2465088
34.006001	0.93555409
34.013	0.72176903
34.02	1.0591325
34.027	0.84071881
34.034	0.69529229
34.041	0.81346554
34.048	0.62603438
34.055	0.44208261
34.062	0.83239245
34.069	1.1426423
34.076	-0.018150184
34.083	0.82116944
34.09	0.79265702
34.097	0.97414881
34.104	1.0445545
34.111	0.56664366
34.118	0.47402328
34.125	1.1274002
34.132	1.2930259
34.139	0.82498199
34.146	0.88827384
34.153	1.2343138
34.16	0.35029876
34.167	0.25645685
34.174	0.52984601
34.181	0.71637219
34.188	0.76695681
34.195	-0.0020813961
34.202	0.56416506
34.209	0.68381101
34.216	0.60614175
34.223	0.94169623
34.23	1.0321532
34.237	0.79669595
34.243999	0.58548832
34.250999	0.7364977
34.257999	0.93086213
34.264999	0.56702459
34.271999	0.79581338
34.278999	0.64314401
34.285999	0.87766427
34.292999	0.69159687
34.299999	0.96783787
34.306999	0.94003201
34.313999	1.3903465
34.320999	1.1346345
34.327999	1.0194333
34.334999	0.55470091
34.341999	0.63009179
34.348999	0.30403349
34.355999	0.9325422
34.362999	0.36296007
34.369999	0.48798862
34.376999	0.31008661
34.383999	0.12771039
34.390999	0.70842057
34.397999	0.40134865
34.404999	0.37647578
34.411999	0.89186025
34.418999	0.5424884
34.425999	0.62553507
34.432999	1.0056523
34.439999	0.27352446
34.446999	0.79693466
34.453999	0.75696123
34.460999	0.40092248
34.467999	0.66741043
34.474998	0.74971068
34.481998	1.1416624
34.488998	0.58920372
34.495998	0.68732679
34.502998	0.80988306
34.509998	1.187687
34.516998	0.69276339
34.523998	0.55272049
34.530998	0.51882935
34.537998	0.8352595
34.544998	1.2340688
34.551998	0.78467387
34.558998	0.81905949
34.566002	0.88342357
34.573002	0.18328388
34.580002	0.84238935
34.587002	0.63691795
34.594002	0.50365424
34.601002	1.1462051
34.608002	1.2385659
34.615002	0.61413854
34.622002	0.98045075
34.629002	0.36572954
34.636002	1.1842958
34.643002	0.43903315
34.650002	1.1042409
34.657001	0.39301658
34.664001	0.52789676
34.671001	0.37881139
34.678001	1.2642958
34.685001	0.33666378
34.692001	1.0576252
34.699001	0.57650679
34.706001	0.81061429
34.713001	0.19109105
34.720001	0.83524615
34.727001	1.0593112
34.734001	0.83188325
34.741001	0.92122775
34.748001	0.82295477
34.755001	1.2989336
34.762001	0.59710926
34.769001	1.3854766
34.776001	1.1635206
34.783001	1.3398039
34.790001	0.94285846
34.797001	1.3548329
34.804001	0.94804031
34.811001	0.42023924
34.818001	1.4102255
34.825001	0.59744245
34.832001	0.98615736
34.839001	0.22242056
34.846001	1.5859841
34.853001	0.63204849
34.860001	0.62023485
34.867001	0.37102935
34.874001	1.1162388
34.881001	0.23159181
34.888	0.45883125
34.895	0.40673527
34.902	0.25183824
34.909	0.79882324
34.916	0.81114578
34.923	0.29895213
34.93	1.2791665
34.937	0.81622213
34.944	0.96357673
34.951	0.57465976
34.958	1.3039169
34.965	0.4964937
34.972	1.0703422
34.979	0.89582461
34.986	0.29656783
